1352
1639
1351
1590
1354
33038
1624
33959
1579
1502
53345
337330
1596
47770
37734
357441
1940789
2107999
649756
53346
1353
39491
1622
1335
53442
1638
44008
39488
1605
1598
150055
88431
71452
410072
2832643
197614
1640
768486
626937
315405
2686210
244328
2173
202751
1736
166486
1328870
77133
657315
470146
45202
417368
411470
333849
301301
2763062
2751
200991
169963
1532
1206105
1158600
1155766
97478
909954
89152
882095
767468
718255
657323
657318
649757
59310
536231
525326
519472
420247
411483
411459
39496
39490
33945
3373596
32630
3079882
2994035
29389
2860051
271881
2583452
2582830
2485925
2125
208479
2054177
202752
1982626
1898203
1805714
1737424
171287
1522
1490
1408186
1363
1305849
1291540
1037411
990317
981540
981539
936153
932920
932919
930782
930781
89014
889932
882097
882096
882094
882020
881621
879090
879089
879088
863767
853
82803
762833
748671
717961
683837
657319
657317
657314
653938
644042
637909
637381
634498
633699
60520
568819
565663
565655
563174
552536
545774
515620
478749
471875
460384
45851
418240
411486
40520
39492
39485
393133
393132
393130
393127
393126
393119
393118
384638
38018
3381348
33039
33035
33031
3070812
3058394
3050383
3044568
3037457
3036303
3030638
2976809
2952955
294671
29347
2929490
2929488
2925838
2920380
2906461
2878202
2870563
2841528
2839759
2831966
2830659
2816912
2816911
2816909
2763672
2763670
2742601
272621
2714355
2713501
2690380
2678528
2676062
265669
2606635
257314
2564099
2478954
2420313
2317
230361
227945
226185
224719
2230878
220668
2173853
2109692
2109691
2109690
2109688
2109687
2093857
208596
2060307
2058136
2057791
2041044
1981510
1898207
1872531
1870993
1811193
1796635
1776392
1742554
1697784
1610
1609968
1598147
1597
155900
1547
151781
1457190
1457188
1457187
1452353
1437838
1386008
1386007
1386006
1386005
1386004
1386003
1386002
1386001
1386000
1385999
1385998
1385997
1385996
1381118
137838
1374
1344042
1334565
1327988
1314884
1300221
1300150
1299895
1288295
1287066
1284663
1266845
1261635
1261557
1258574
1235801
1234679
1234142
1230340
1196195
1196194
1196193
1196192
1196191
1196190
1196189
1196188
1196187
1196186
1196185
1196184
1196183
1196182
1196181
1196180
1196179
1196178
1196177
1196176
1196175
1196174
1196173
1196172
1196171
1196170
1196169
1196168
1196167
1196166
1196165
1196164
1196162
1196161
1196160
1196159
1194971
1185653
1160721
1157365
1155388
1134669
1126011
1121114
1115758
1076934
1069534
1069533
104955
1030009
102684
100886
