1386
1485
186801
1578
1279
816
1678
1350
234
186803
1301
583
2742598
191303
903984
586
576611
3058168
2683345
572511
390841
340071
33882
3109030
2941331
2751
2742600
267364
2201250
1303590
1293440
942150
86661
841
633807
574697
481723
480930
410839
380393
33959
332949
3076224
3050131
300419
29528
2767842
2747
2714946
2707330
267363
2665504
2650924
2583532
2518991
239759
2306423
2292255
227943
223389
217068
216463
2005703
2
1977869
1926284
1663
1647649
1632
1590
1580
157920
1552123
154288
1538103
152331
151781
1494960
147809
1457219
1457217
1453587
1356
1335616
1239
1218508
120370
1177756
1177755
1006155
987066
987056
933073
903983
89014
848
83461
83339
82986
81406
661
649198
637971
626932
616990
60520
60216
573569
571256
566293
556053
553611
537017
53443
53442
518825
483011
481722
481720
481719
47770
47492
463192
45972
452
446684
44008
431273
426129
410840
400634
39493
39489
38402
38293
370038
367791
363259
357278
340680
33986
33962
33952
336988
332950
328396
317735
3142938
3133158
3075434
307126
3058419
3055034
301301
2993456
2991834
2991418
2991417
2982695
2981794
2981782
2981774
2981720
2972472
2953880
295255
2950375
29408
2931392
293089
2929157
2920380
2919920
2912243
2910977
2907820
2897341
2890314
2885352
2885348
2865987
2846776
2838522
2836179
2834459
2831523
28210
2813578
2810561
281
2799570
2799568
2799566
2794353
279
2767887
2767882
2763656
2763033
2755040
2738
271881
2709663
270498
267633
2666134
266121
2599927
2599291
2597768
2590867
2590451
2590213
258256
2562949
2562762
2559921
2559918
2559917
2559916
2559915
2508881
2496029
249189
2487722
2486025
2486024
2486022
2486021
2486020
2486019
2486018
2486017
2485784
2340860
227944
225084
2249302
223390
2184697
217069
2163011
215590
2125990
2125
207244
2067065
202750
2026239
1987503
1977868
1937790
1937003
186802
186280
1862672
1855894
184917
183417
1827
1819725
1816678
1805714
180164
179838
1774970
1774969
1774968
177413
1768210
1764581
176291
1745854
1743159
1730
1716143
1714682
1704076
1702221
166954
166486
1648
1639
1637
1630136
1624
1621700
1613
1601
1589
158849
1588
1581
1579
155618
152332
1508389
1505652
1490
1486262
148604
1470356
1416943
1397476
1357
1355
1353
1324351
1293415
1247
1218492
121290
1203033
1193095
118060
1166950
1131292
112904
1077675
104955
100
992287
990721
990412
989403
987063
986746
98672
985002
980631
97478
97050
96565
96241
96230
94868
947919
947835
94627
94626
946234
941463
94138
938289
933926
930805
91823
91822
915173
914152
909656
89152
88233
879566
876270
871664
867683
861
858
857265
852
850
84980
84698
84521
84110
84030
83816
83661
83561
83552
83460
83456
83455
83451
82803
82688
82171
82116
821
81947
81857
81852
81569
81425
796890
79681
79604
78580
78346
78345
78343
78342
76862
76861
768533
766895
762845
762833
759811
754436
753702
748908
745368
74426
72360
718193
717610
71235
708126
706562
706182
704125
70258
700500
7
69825
696485
69360
691816
690879
689904
689
680
68
674079
673271
671622
671267
671266
669
668
665467
663610
659351
659243
659015
659006
657445
654686
653937
649756
647910
645466
643674
637886
63658
63561
63560
634771
626947
626935
626934
626933
626929
622488
61598
61593
610251
60961
60921
604330
595434
594679
590
586733
582686
582665
580026
576610
573570
572010
571255
571254
569860
56119
560080
558172
556054
555791
553239
549298
54736
544645
544644
54062
538381
535290
53444
53346
53345
533
529731
528209
528
52694
52693
52689
521377
519472
519081
51663
51616
516074
512643
511998
511678
51161
508451
50712
504469
501571
491918
487174
483913
483423
483012
482957
480931
480284
479936
47493
472583
471825
47157
469547
468911
467997
46609
46255
46228
46206
459816
459519
458711
45851
45658
455
45498
454155
454154
454
453230
453220
453
45075
45072
45068
45065
45056
449520
447020
446660
445
444919
444163
442899
44011
439612
43678
43674
433840
433286
430797
430679
428
426704
426128
425
424902
424799
420645
420336
41997
41985
41950
419481
418240
415214
414682
413402
41
407152
40520
40519
40518
404900
404366
40414
40269
398555
397865
396268
39496
39490
39488
39485
39484
39483
39441
394097
392566
392561
392018
391905
390842
38986
387090
386305
384636
38310
382777
381741
380911
37734
376805
376804
376727
376490
375927
375926
375541
375288
375175
370764
370111
368811
368603
36845
36842
36832
36745
363840
360807
358743
358742
35787
35760
354351
354349
35
343510
340956
340321
33987
339862
339617
33960
33958
33953
33945
33905
33878
33871
3374599
333367
332524
332411
332101
33043
33042
33028
33018
329854
328812
324606
323761
3231926
322505
321267
32008
32
319942
319653
319652
318683
318465
318464
318456
317658
3137766
3133178
3133172
3133170
3133167
3133164
3133163
3133162
3133161
3133154
3133153
3126690
3115222
311410
3111773
3111451
310298
310297
3093659
3093658
3093657
3088378
308354
3082863
3081441
3080828
3079009
3078042
3076670
3074111
3074109
3074107
3069269
306539
3065238
3064523
305977
305900
3057057
3047466
3044210
3044208
3043873
3038133
3036303
3036301
303541
3032872
3032871
303241
303240
3030016
3025755
3025672
3020056
3018743
3017187
3016083
301302
3004103
2997294
299583
2995310
2995309
2995306
2995305
2993455
2993450
2992127
2991838
2991836
2991832
2991831
2986526
2981793
2981788
2981780
2981773
2981772
2981771
2981770
2981768
2981728
2981724
2981721
2981529
2979868
2978477
2976676
2976125
2973072
2972474
2972466
2970915
2969247
296842
2968086
2968085
2968084
2968083
2964616
2964609
2954117
295108
2950371
294936
294935
29485
294671
2944915
2944196
29423
2941517
2941515
2941513
2941507
2941505
2941502
2941335
2941332
2941330
2941329
2941328
2941327
2941324
2941323
2941233
29409
29388
29384
29379
29372
29370
29367
29360
29359
29357
29354
29348
293371
29322
2932183
2930218
2930083
2929485
2926319
2926318
2926292
2924040
2923363
2923362
2922717
2919576
291644
2911857
2909234
2906758
2905877
2903556
2903142
290054
2899818
2899121
2897778
2897351
2895947
2894196
2894156
2894155
28885
2886940
2886935
2885361
2885356
2881276
2881258
2880260
2876789
287609
2873265
2871826
2870839
286727
286438
2861782
2859781
285279
2851649
2850322
28446
2841926
2841034
2839759
2837387
2834768
2834460
2834432
2829491
28256
28211
2819979
2819978
2819233
2818389
2818388
2817862
2817477
2817475
28173
2816956
2816859
2815781
28111
28110
281091
2810611
2807096
28050
2803858
28026
2799580
2797258
2796142
2794352
2794346
2793102
2786956
2784388
2783614
2782176
2781960
2781774
2781773
2780922
2779358
2779357
2779356
2779354
2779352
2778368
2773299
2772559
2772557
2767886
2764712
2764597
2764329
2764327
2764323
2764322
2763677
2763676
2763675
2763672
2763671
2763669
2763668
2763664
2763661
2763117
2763066
2763065
2763063
2763059
2763056
2763054
2763050
2763028
2763027
2762246
2762243
2762242
2762237
2762236
2762227
2762225
2762224
2762213
2762212
2762210
2760089
2759855
2759755
2759752
2759748
2758443
2758441
2756
2755406
2750
2749962
2749961
2749
2748
2743976
2743610
2742612
2742601
2742203
2741333
2740515
2739434
2739389
2739
2736757
2736294
2736290
2736289
2735675
2730080
2729175
272917
2728842
2728101
2726742
2726434
2726185
2725562
2725414
2722706
2719313
2719233
2718714
271865
2714947
2714358
2714353
2713503
2713501
2713419
271098
2710757
2709662
2709410
2707351
2707299
2705293
2699169
269670
269261
2686210
2685869
2683717
2683714
2683713
2680020
2679963
2678885
2678688
2678357
267818
2675325
2675230
2672572
2670347
2668065
2666072
2665665
2665159
2663859
2663857
2662455
2662028
265883
265668
2652293
2652292
2652291
2652286
2652279
265178
2650158
264574
264463
264297
263
262
2615184
2614639
2614638
2614131
261299
2610880
2608987
2607663
2607614
2606709
2606638
2606636
2606635
2606633
2606632
2606631
2606630
2606629
2606616
2606615
2605989
2605945
2605778
2594882
2593957
2593653
2592655
2591147
259059
2590551
258515
2585118
2583823
2583452
2580413
2579976
2579970
2576829
2576756
2575440
2569097
2566013
2565783
2564099
2559929
2559923
2559922
2559920
2559919
255723
2548455
2547393
254247
253257
253160
2528964
2528023
2528020
2528019
2527990
2527976
2527973
2527971
2527970
2527775
2520507
2511025
2509433
2509240
2508885
2508287
2488728
2487118
2486576
2486023
2486013
2486008
2486004
2486001
2486000
2485999
2485998
2485997
2483799
2483798
2480627
2479841
2479840
2479838
2478470
246618
246432
240427
238015
238013
237446
2364787
2358141
2321394
2320879
2320100
2316733
2316731
2316728
2316726
2316722
2316025
2316
231438
231434
231049
2307010
2306976
2306972
230361
2302434
2292441
2282419
227945
227605
2269374
2268022
225992
2259036
225345
225324
2233851
2231649
221799
2212651
2211183
2204296
2204294
2203724
2202339
2201815
22
218144
218139
2175229
2173853
2172
2171997
217159
217031
216572
2162
2161814
2160
215200
214856
214851
2137581
212365
2122
212020
2086584
2086575
208479
2083279
2080751
2079793
2079792
2077146
2073160
2068655
2064768
2057800
2057743
2056696
2050967
2050966
2045452
2045438
204516
2045012
2044573
2042704
2041840
2040295
2039284
2026191
2026187
2020964
2020949
201828
2017681
2016376
2014742
2013869
2012495
2012477
200991
2006564
2006110
2005359
2003188
2002841
199596
199136
1987580
1982628
1982626
1981510
1970790
1965282
1963359
1962263
1962131
1960969
1960968
1958780
1955013
1940611
1938816
1938814
1938374
1935446
1930593
1930277
1930274
1929088
1926283
1925020
1923877
1921764
1917883
1917873
1917868
1912795
1911548
190977
190975
1909267
190898
190895
1907658
1907654
190655
1903263
1903262
1903179
190310
190308
1898042
1897628
1889241
188913
1871035
1871031
1871030
1871024
1871022
1871019
1871016
1871012
1870993
186826
186817
1867833
1862668
1862358
1855895
1855631
1852386
184914
1847728
1841865
1841864
1841857
1841856
1841610
184072
1835254
1830
1829
182773
1827297
1824
1819739
1816676
1811193
1808352
1805478
1805470
1804625
180332
180163
1796636
1796620
1796618
1796613
1796610
1793963
1792290
1776392
1776391
1776384
1776379
1774971
1769710
1769424
1769423
1769422
1766253
176292
176290
1761012
1758176
1750527
1750518
174709
174587
1743235
1743174
1743169
1743164
1743162
1743157
1742973
1737
1736
1735
1721087
1720316
1720315
1720204
171674
171550
171523
1714681
1713
171287
1712665
1712
170573
169679
1692
1691570
168933
1689270
1689
1688
1686285
168384
1683
1679460
1679170
1678309
1676683
1676614
1670446
166953
1662395
1658618
1658108
1654388
1654
1653435
1651774
165096
1650663
1650661
1650
1648923
1647581
164393
1640
1638
163665
1633
1629550
1628157
1626
162491
1623
1622
162169
1616
1615
1614
1612308
1611836
1610
1608994
1607738
1607
1606
160454
1601833
1599
1598147
1598
1597
1591408
1587
1585974
1579316
1579216
1576911
1576369
1574161
1573535
157076
156981
1569794
156974
1566352
1564138
1563157
1561
1560234
1559
155865
155617
155322
1550024
1549
1548
1546255
1542390
154116
154046
1539
1534743
1531
1527293
152335
1522002
1520
1519643
1516126
1509
1507512
1505723
1502842
1502841
1502
1501392
150033
1497681
1495645
1495
1494962
1494961
1479233
1473216
1472762
1472761
1470347
1469948
1469162
1467
1465809
1465501
1462999
1462571
1461322
1458928
1452
1450649
1449
1435342
1434707
1432052
1429043
142461
1414721
1414720
1411144
1405
1397477
1396
139021
1387297
1385984
1385975
1384459
1382803
1381081
1379734
137357
1373
1372
1364
135858
135626
1354
1348249
1346286
1337
133552
1335
1333660
1333651
132932
1325436
1325360
1323746
1323
1312739
1307759
1307414
1306991
1303817
1299998
1296540
1296539
1296538
1293890
1293442
1293
1292
1291540
1288
1286
1282440
1281
1279388
1278244
1276936
1274384
1267156
1265685
1263547
126333
1259202
1254
1249
1243014
124
1235591
1231337
1229621
1225128
122
1218507
1218506
1218493
1216932
1216297
1203069
1202713
1202668
120213
120
119981
119858
119641
1195763
1184387
118062
1173107
116085
1160091
1158996
115781
1151742
114090
1138822
1130080
1129792
1125
1123687
1123352
1115758
1099853
1096246
109327
1085647
1085644
1077256
1076594
1076330
1074311
1070421
1069827
1064514
1058
1054041
1048331
104623
1036778
1034944
1033740
1033739
102862
102109
1017184
100886
100884
1007097
100174
