985002
1279
1386
54736
1350
2
1279
1279
308354
170573
1279
208479
1531
29372
122
1247
1247
1485
1579
1588
425
2767842
1578
1578
1639
1639
1683
1735
2172
1678
583
239759
1588
29348
33043
33959
586
45851
46228
816
816
850
204516
848
53443
861
78342
89152
234
2742598
100886
142461
154046
154288
156974
163665
168384
168933
1678
217159
227943
227943
261299
1069827
946234
329854
333367
336988
336988
339862
358743
234
360807
420645
1203033
1203069
454154
100884
3025755
471825
1254
487174
516074
626932
626932
626933
626934
626935
1386
555791
300419
300419
300419
191303
46255
1301
1610
420336
1033739
1033740
238015
152335
2767887
112904
160454
155618
155617
317735
317735
1590
668
1279
482957
2316
32
1678
576611
576611
400634
60961
199596
1281
39485
1766253
84110
83816
1640
120
453230
84030
53442
269261
376805
1578
1578
29360
33871
1581
1581
1648
1648
573569
83552
83561
165096
1623
301301
1638
96241
33952
184914
622488
1587
1449
2747
2751
83455
36745
1291540
37734
184917
184917
41997
1355
1355
1356
1356
1356
44008
44008
671267
671266
2358141
293089
293089
63560
363259
363259
544644
38402
38402
340680
340680
376804
1824
148604
1279
368811
174709
876270
481720
61598
1385984
1335
1490
1490
1580
1579
2211183
1501392
186801
1730
186803
1871035
39488
186801
572511
207244
2815781
1099853
521377
1323
1615
1692
171287
1279
2747
1357
1613
1613
33018
1485
69825
115781
35760
483011
483011
2672572
63658
816
237446
1599
96565
307126
307126
397865
1386
418240
1502
691816
1453587
1453587
1453587
1472762
82116
1678
1678
1564138
171674
36832
1485
2122
102109
544645
109327
1129792
29322
44011
281091
71235
1279388
166954
166954
33987
81406
28885
38986
1469948
39484
332101
1624
821
1509
78580
212365
1688
1470347
1470356
186801
2749
2748
340956
47157
1350
305900
1333651
231434
2750
2747
1138822
390841
390841
1580
171550
1085644
1485
852
1006155
1006155
1494961
1552123
1637
1494962
663610
583
1736
717610
1579316
1279
1580
1614
1505652
481720
1622
28111
653937
1470356
53443
74426
227943
481722
1231337
1263547
1348249
214851
1461322
340071
1193095
1193095
1585974
84980
271098
444163
33952
169679
1288
1485
1414720
1414721
1473216
190977
1293
586
586
157920
7
1335616
1335616
1335616
1216932
1429043
40520
661
1384459
1486262
1486262
216463
1218508
1218508
1218508
1386
1218492
1218492
1835254
270498
270498
1279
51663
1386
1654388
29388
754436
1195763
1670446
1495
637971
1578
1679170
1550024
1589
1589
52689
310297
82171
444919
404900
45065
398555
594679
816
158849
158849
2742203
340071
340071
340071
857265
1658108
225992
1485
2767842
610251
481722
1626
480930
88233
390842
414682
381741
33960
33962
258256
1527293
1678
186802
207244
186803
191303
301302
186803
191303
39490
291644
267818
528209
380393
380393
380393
480930
480930
164393
2767842
171523
259059
47493
216463
216463
1633
481723
33962
481723
481723
390841
390841
240427
942150
942150
267363
267363
267633
267363
267633
303240
396268
480931
104955
319652
104955
1616
81857
114090
176291
176291
227944
227944
267364
267364
267364
267364
319653
151781
151781
151781
481719
481719
2767887
483012
179838
179838
468911
238013
392566
616990
82688
293371
303241
1607
147809
147809
147809
152331
152331
152331
68
152332
152332
97050
1485
455
45056
45072
452
452
45068
1292
1720315
29379
332411
483913
33882
566293
1485
1125
1793963
431273
2755406
1346286
1743157
306539
708126
1676683
1827
29423
576611
1816676
1796613
511678
53444
1333660
28446
1467
98672
60921
1796620
1816678
1816678
79604
184072
1805470
1792290
1811193
294671
1630136
1630136
294935
1350
1776384
1702221
1702221
989403
375175
586
1841857
54062
1776379
1177755
1177755
1432052
1774968
1774968
1774969
1774969
1774970
1774970
38293
1774971
903983
903983
1131292
1131292
903984
903984
903984
903984
1077675
1077675
332950
332950
762845
2201815
1653435
76862
1350
2
1382803
1903179
1776391
1870993
1903262
126333
1912795
1903263
81852
262
1542390
150033
249189
249189
53346
328396
328396
332949
332949
332949
118062
1871031
1871016
1907658
1841865
38310
573570
1678309
51616
29357
1508389
1508389
446684
446684
29359
264463
1871022
433840
1921764
458711
690879
1852386
1805478
265668
1381081
2652292
79681
1862668
1871030
1862672
1862672
1926284
1926284
1926284
1847728
633807
633807
318683
29367
1962263
1716143
1598147
634771
180163
290054
745368
1768210
1768210
225345
36842
2749961
1805714
1935446
39441
576611
1353
53345
41950
1307759
1202668
1608994
81569
1560234
375288
903984
83661
930805
2125990
1519643
1293890
1958780
225324
1350
157076
1578
1769710
186801
501571
1590
2204294
2005703
2005703
2005703
549298
190895
1435342
1714682
1714682
1293415
1293415
442899
174587
84698
119641
1505723
28050
155865
604330
1742973
177413
177413
370764
753702
426129
426129
1612308
1576369
84521
419481
2719313
332524
258515
1507512
1058
1601833
83460
1450649
269670
1123352
2020949
571255
94627
571254
987066
218139
987063
1160091
1354
70258
572511
1077256
1960969
35
1485
2569097
2006110
2042704
1279
1243014
100174
46206
483423
1714681
1955013
574697
2002841
2269374
29370
29354
1591408
2045438
571256
2160
1166950
1166950
848
816
2020964
2045012
1926283
1917873
1970790
2041840
1981510
33945
2067065
2067065
2057800
586733
879566
319942
1607738
1279
1578
1036778
2083279
384636
45498
2064768
566293
2080751
2044573
234
1827297
1686285
1648923
1434707
1662395
215200
2086584
2086575
1982628
246432
2282419
1173107
2079792
556053
556053
2079793
2163011
2073160
2161814
428
2175229
472583
202750
202750
285279
1650
1218493
303541
2212651
1096246
28210
28210
2650924
2650924
2650924
2184697
2184697
29409
1293442
2764322
28211
2014742
2259036
2738
2738
2045452
447020
576610
2231649
858
1337
91822
33028
190655
375927
375926
1637
1621700
1621700
569860
120213
305977
190975
2173853
947835
2292441
253257
186801
2763028
2583452
186801
39496
310298
186801
89014
1485
1303590
1303590
1303590
1303590
119981
2316025
2670347
2026239
2026239
1962131
182773
2751
2756
2302434
94868
33882
2320100
2316733
2316722
83461
2316728
2478470
2316731
69360
2340860
2340860
1373
60216
60216
1987503
1987503
2364787
1598
2483798
2483799
255723
572010
933926
1827
1808352
2810561
2810561
2488728
2306423
2306423
2306423
2487118
2479838
2040295
2485784
2486018
2486017
2486017
1296539
2486019
2486019
2486020
2485999
1704076
2486000
2485998
2486021
2486021
2767886
1054041
2486024
2486022
2486008
1123687
2485997
2486004
2486013
2486025
2486001
1889241
1977868
2306976
1977869
1977869
1977869
2306972
1965282
2003188
1611836
45972
45972
51161
2739
120370
445
2496029
2496029
265883
2486576
2203724
1930593
2292255
2292255
183417
1278244
1750518
41985
2509240
2509433
2171997
511998
2520507
1720316
1296538
91823
100
100
659006
933073
933073
1796636
154288
2548455
186801
535290
376727
1085647
1259202
33959
33959
1465501
2487722
2487722
2566013
3038133
3032872
2508885
2562762
2562762
391905
2575440
1229621
2559921
2559921
2559916
2559916
2559917
2559917
2559915
2559915
2559918
2559918
2559923
2559920
2559922
2559919
1457219
1457219
1457219
1457217
1457217
1457217
2559929
2564099
2579976
279
279
2583532
2583532
479936
154116
2479841
2576829
867683
215590
215590
2590451
2590451
413402
33882
1712
2585118
239759
2743610
2590213
987056
987056
2606615
2590867
2590867
2528020
2527990
2527973
2528023
2527976
1930274
2527970
2480627
76861
426704
2763117
2981720
2981721
176292
2583823
2699169
1761012
2981793
254247
572511
186801
132932
2508881
2508881
582686
286727
2592655
2565783
230361
1546255
424902
50712
2594882
368603
1323746
2614639
2580413
2614638
2307010
1721087
1796610
583
2615184
94626
2680020
1663
1663
2606616
39493
35787
2662028
1769424
2764597
2981780
2606638
1301
2606636
2606629
2605778
2652286
2606632
2652291
2012477
2606709
2606631
2663859
2665159
1386
2668065
947919
2678357
2610880
45075
1563157
2026191
2576756
96230
295108
2137581
47770
538381
1184387
2850322
2981724
2981782
1716143
311410
2678688
2599291
2599291
1485
376490
2683717
2666134
2666134
2607663
2683714
519081
2320879
295255
295255
2562949
2562949
576611
633807
1458928
2593957
583
191303
191303
674079
3137766
1745854
1745854
1678
2614131
63561
2707330
2707330
2707330
2709663
2709663
2125990
1938814
2714946
2714946
2714946
2714947
2685869
1202713
2511025
2547393
1306991
643674
2718714
2605945
1312739
264297
1070421
72360
2726742
2912243
2912243
2726185
2722706
2675325
2713419
2039284
29528
29528
29528
367791
367791
987066
1177755
2662455
29408
1296540
2719233
426128
370038
2663857
2736289
449520
2736290
2736294
166486
2730080
180164
186803
1743162
121290
121290
1743174
1647649
1647649
1647649
32008
2743976
1130080
2763661
2885361
3133153
2767882
2767882
2739434
375541
582665
286438
231438
380911
1115758
33958
2739389
2736757
2758441
2292255
1158996
748908
2759748
2759855
2742598
2759755
2679963
217068
217068
217068
637886
700500
1743235
1293440
1293440
1293440
1293440
1397476
1397476
659015
1538103
1538103
673271
433286
1385975
1494960
529731
1804625
218144
2986526
2763033
2763033
2763065
186803
2763054
2763066
2763063
2763027
2764329
2763050
404366
2763056
225084
225084
1569794
2202339
1769422
1274384
1495645
1325360
980631
1911548
287609
1691570
1758176
2772559
1576911
2268022
2762243
2762213
2762236
2762224
2762246
2762212
2762242
162491
2762227
2762225
2675230
2056696
2742612
317658
2590551
2735675
986746
83461
2710757
2779357
2779352
2762210
2665504
2665504
2665504
2839759
671622
459816
2784388
1651774
626929
2781774
2781773
1982626
1034944
133552
2605989
1938816
2796142
1502842
1679460
1301
321267
556054
155322
1064514
382777
61593
227945
645466
2797258
2740515
2778368
595434
124
2528964
2707351
2201250
2201250
2201250
2201250
2799570
2799568
2799568
2799580
992287
2013869
766895
46609
990412
2017681
1871024
2725562
1469162
1479233
2005359
40414
2803858
162169
2321394
1151742
1658618
1743164
2729175
33953
2057743
2813578
2813578
2816956
2816859
343510
2817862
39493
2819979
2819978
1307414
258256
2953880
2953880
118060
118060
339617
1216297
2794353
2794353
2794352
1559
39489
39489
217031
2819233
1522002
264574
424799
2006564
1628157
82986
2714353
2593653
2579970
459519
1282440
518825
518825
2714358
2836179
1937790
1937790
2837387
33986
33986
1819725
1819725
1855895
2780922
1405
2841926
1855894
1855894
1819739
1855631
156981
1465809
2897351
2599927
2831523
2508287
135858
1303817
1937003
1937003
2834432
1353
2846776
2846776
2859781
2861782
2012495
1578
2865987
2865987
2807096
1074311
116085
454
2871826
430679
704125
272917
328812
2926292
2762237
2779356
186803
43674
2755040
2755040
649756
2981768
2968085
2968084
2968083
2881276
2881258
2163011
2886935
2886940
1663
2772557
2751
2751
2907820
467997
2894196
2834459
2834459
2834460
2068655
2897778
28256
2895947
2527971
2968086
2903142
2905877
816
2909234
2910977
137357
2779354
1963359
2786956
294936
47492
47492
2818388
659351
654686
2903556
453
102862
188913
176290
2919576
2479840
2919920
2919920
2781960
2897341
2897341
2742600
2742600
2742600
2742600
1689270
2954117
2922717
2924040
1502841
2818389
2782176
463192
1796618
647910
183417
2316726
533
1750527
665467
941463
370038
2607614
1076594
1235591
354351
2773299
1538103
689904
2929485
266121
266121
392018
81947
2930083
212020
135626
22
2899121
1841864
560080
2763656
2763656
2764712
2763668
2763669
2763664
2763671
186803
2944196
2923362
2836179
186280
186280
2930218
52694
2941502
2941324
2941513
2941505
2941233
2941323
2941327
2941517
2941515
1279
2941332
2941331
2941331
2941331
2941331
2941507
2941335
2941329
2941328
1923877
2876789
2906758
2929157
2944915
816
2873265
2910977
2964609
2920380
626947
2972466
2972472
2972472
2970915
324606
370111
2964616
1632
1632
1632
1601
1601
2978477
2931392
2931392
2950375
553239
2763676
2763675
1286
2981728
2981774
2981788
2981770
2981794
2981772
2981773
2976125
2981529
154288
191303
47770
2870839
2894155
2894156
2829491
528
1929088
2992127
410839
410839
410839
166953
537017
537017
410840
410840
2485784
2982695
2982695
216572
2995310
2907820
56119
3016083
1350
214856
2997294
3004103
2838522
2838522
2995306
39483
2995305
2995309
3025672
3017187
2709410
60520
60520
2991418
2991418
2991417
2991417
3030016
2709662
491918
1829
318464
40518
2518991
2518991
139021
1494960
2760089
762833
1743169
1416943
1416943
81406
1862358
3043873
1743159
1743159
1647581
2973072
281
281
28173
2851649
2993455
3036301
3044208
669
2742598
2991832
2991838
2993450
2991834
2991834
2991836
586
3044210
3047466
759811
1867833
2972474
2979868
1462571
915173
2758443
1720204
3050131
3050131
3050131
3058168
3058168
3058168
3058168
3058168
2683345
2683345
2683345
2683345
1624
40519
3064523
553611
1485
2726434
649198
649198
217069
223390
223390
223389
223389
223389
265178
83339
83339
1925020
2885348
2885356
2885352
3069269
253160
363840
2608987
3057057
3076670
3065238
1485
2976676
2932183
1940611
1225128
2993456
2993456
453220
2926319
119858
82803
2880260
3093657
3093658
3093659
2890314
3020056
3111773
36845
3109030
3109030
3109030
3109030
2652279
1871012
1249
1712665
3115222
2162
1579216
1462999
318465
3076224
3076224
3111451
3081441
3058419
3058419
3126690
1764581
1764581
227605
2518991
38293
463192
407152
81425
3079009
3078042
1452
1539
82986
415214
1007097
1076330
706182
768533
340321
796890
3142938
3133172
3133167
3133178
3133164
3133158
3133163
3133170
2683345
1265685
1397477
1704076
148604
387090
1650663
439612
1324351
1324351
558172
83451
1017184
430797
180332
469547
1897628
323761
1177756
1177756
1177756
1048331
1516126
1387297
392561
2665665
1325436
914152
480284
3231926
358742
1776392
3075434
3075434
2763677
3074111
3074107
3074109
2779358
3374599
1411144
357278
2911857
43678
2125
3080828
3055034
