1590
337330
1590
1590
1590
337330
220668
1590
1590
1590
1590
1590
1590
1590
1590
1590
1590
1590
1590
1590
1590
1590
1590
1590
1590
1590
1590
1590
1590
1590
337330
1590
1590
1590
1590
1590
1590
1590
1590
1590
1590
1590
1590
1590
1590
1590
1590
1590
1590
1590
1590
1590
1590
1590
1590
1590
1590
1590
1590
1590
1590
1590
1590
1590
1590
1590
1590
1590
337330
1590
1590
1590
1590
1590
1590
1590
1590
1590
1590
1590
1590
1590
1590
1590
1590
1590
1590
1590
1590
1590
1590
1590
1590
337330
1590
1590
1590
1590
1590
1590
1590
1590
1590
1590
1590
1590
1590
1590
1590
1590
1590
1590
1590
1590
1590
1590
1590
1590
1590
1590
1590
1590
1590
337330
1590
1590
1590
1590
1590
1590
337330
1590
1590
1590
1590
1590
1590
1590
1590
1590
1590
1590
1590
1590
889932
1590
1590
1590
1590
1590
1590
1590
1590
1590
1590
1590
337330
1590
1590
1590
1590
1590
1590
1590
1590
1590
1590
1590
1590
1590
1590
1590
1590
1590
1590
1590
1590
1590
1590
1284663
1590
1590
1590
1590
1590
1590
1590
1590
1590
1590
1590
1590
1590
337330
1590
1590
1590
1590
1327988
1590
1590
1590
1590
1590
1590
337330
1590
1590
1590
1590
1590
337330
644042
1590
1590
1590
1590
1590
1590
1590
1590
1590
1590
1590
1590
1590
1590
1590
337330
1590
1590
1590
1590
1590
1590
337330
337330
1590
1590
1590
1590
1742554
1590
1590
1590
1590
1590
1590
1590
1610
1590
1590
1590
1300221
1590
1590
1590
1590
1590
1590
1590
1590
1590
1590
271881
271881
1590
1590
1590
1590
1590
1590
1590
1590
1590
1590
1590
1590
1590
1590
1590
1590
1590
1590
1590
1590
1590
1590
1590
1590
1590
1590
1590
1590
1590
1590
1590
1590
337330
1590
1590
1590
1590
337330
1590
1590
1590
1590
1590
1590
1590
1590
1590
1590
1590
1590
1590
1590
1590
1590
1590
1590
1590
1590
1590
1590
1590
1590
1590
1590
1590
1597
1590
1590
1590
1590
1590
1590
1590
1590
1590
1590
1590
1590
1590
1590
1590
1590
1590
767468
767468
1590
1590
1590
1590
1590
1590
1590
1590
1590
1590
32630
32630
1590
1590
1590
1590
1590
1590
1590
1590
1351
1351
1351
1351
1351
1351
1351
1351
1351
1351
1351
1351
1351
1351
1351
1351
1351
1351
1351
1351
1351
1351
1351
1351
1351
1351
1351
1351
1351
1351
1351
1351
1351
1351
1351
1351
1351
1351
1351
1351
1351
1351
1351
1351
1351
1351
1351
1351
1351
1351
1351
1351
1351
1351
1351
1351
1351
1351
1351
1351
1351
1351
1351
1351
226185
1351
1351
1351
1351
1351
1351
1351
1351
1351
1351
1351
1351
1351
1351
1351
1261557
1351
1351
1351
1351
1157365
1351
1351
1351
1351
1351
1351
1351
1351
1351
1351
1351
1351
1351
1351
1351
1351
1351
1351
1351
1351
1351
1351
1351
1351
1351
1351
1351
1351
1351
1351
1351
1351
1351
1351
1351
1351
1351
1351
1351
1351
1351
1351
1351
1351
1351
1351
1351
1351
1351
1351
1351
1351
1351
1351
1351
1351
1351
1351
1351
1351
1351
1351
1351
1351
1351
1351
1351
1351
1351
1351
1351
1351
1351
1351
1351
1351
1351
1351
1351
1351
1351
1351
1206105
1206105
1206105
1351
1351
1351
1351
1351
1351
1351
1351
1351
1351
1351
1351
1351
1351
1351
1351
1351
1351
1351
1351
1351
1351
1351
1351
1351
1351
1351
1351
1351
1351
1351
1351
1351
1351
1351
1351
1351
1351
1351
1351
1351
1351
1351
1351
1351
1351
1351
1351
1351
1351
1351
1351
1351
1351
1351
1351
1351
1287066
1351
1351
1351
1351
1351
1351
1351
1351
1351
1351
1351
1351
1351
1351
1351
1351
1351
1351
1351
1351
1351
1351
1351
1351
1351
1351
1351
1351
1351
1351
1351
1351
1351
1351
1351
1351
1351
1351
1351
1351
1351
1351
1351
1351
1351
1351
1351
1351
1351
1351
1351
1351
1351
1351
1351
1351
1351
1351
1351
1351
1351
1351
1351
1351
1351
1351
1351
1351
1351
1351
1351
1351
1351
1351
1351
1351
1351
1351
1351
1351
1351
1351
1351
1351
1351
1351
1351
1351
1351
1351
1351
1351
1351
1351
1351
1351
1351
1351
1351
1351
1351
1351
1351
1351
1351
1351
1351
1351
1351
1351
1351
1351
1351
1351
1351
1351
1351
1351
1351
1351
1351
1351
1351
1351
1351
1351
1351
1351
1351
1351
1351
1351
1351
936153
1351
1351
1351
1351
1351
1351
1351
1351
1351
1351
1351
1351
60520
1351
1352
1352
1352
1352
1352
1352
1352
1352
1352
1352
1352
1352
1352
1352
1352
1352
1352
1352
1352
1352
1352
1352
1352
1352
1352
1352
1352
1352
1352
1352
1352
1352
1352
1352
1351
1352
1352
1352
1352
1352
1352
1352
1352
1352
1352
1352
1352
1352
1352
1352
1352
1352
1352
1352
1352
1352
1352
1352
1352
1352
1352
1352
1352
1352
1352
1352
1352
1352
1352
1352
1352
1352
1352
1352
1352
1352
1352
1352
1352
1352
1352
1352
1352
1352
1352
1352
1352
1352
1352
1352
1352
1352
1352
1352
1352
1352
1352
1352
1352
1352
1352
1352
1352
1352
1352
1352
1352
1352
1352
1352
1352
1352
1352
1352
1352
1352
1352
1352
1352
1352
1352
1352
1352
1352
1352
1352
1352
1352
1158600
1158600
1158600
1352
1352
1352
1352
1352
1352
1352
1352
1352
1352
1352
1352
1352
1352
1352
1352
1352
1352
1352
1352
1352
1352
1352
1352
1352
1352
1352
1352
1352
1352
1352
1352
1352
1352
1352
1352
1352
1352
1352
1352
1352
1352
1352
1352
1352
1352
1352
1352
1352
1352
1352
1352
1352
1352
1352
1352
1352
1352
1352
1352
1352
1352
1352
1352
1352
1352
1352
1352
1352
1352
1352
1352
1352
1352
1352
1352
1352
1352
1352
1352
1352
1352
1352
1352
1352
1352
1352
1352
1352
1352
1352
1352
1352
1352
1352
1352
1352
1352
1352
1352
1352
1352
1352
1352
1352
1352
1352
1352
1352
1352
1352
1352
1352
1352
1352
1352
1352
1352
1352
1352
1352
1352
1352
1352
1352
1352
1352
1352
1352
1352
1352
1352
1352
1352
1352
1352
1352
1352
1352
1352
1352
1352
1352
1352
1352
1352
1352
1352
1352
1352
1352
1352
1352
1352
1352
1352
1352
1352
1352
1352
1352
1352
1352
1352
1352
1352
1352
1352
1352
1352
1352
1352
1352
1352
1352
1352
1352
1352
1352
1352
1352
1352
1352
1352
1352
1352
1352
1352
1352
1352
1352
1352
1352
1352
1352
1352
1352
1352
1352
1352
1352
1352
1352
1352
1352
1352
1352
1352
1352
1352
1352
1352
1352
1352
1328870
1328870
1328870
1328870
1352
1352
1352
1352
1352
1352
1352
1352
1352
1352
1352
1352
1352
1352
1352
1352
1352
1352
1352
1352
1352
1352
1352
1352
1352
1352
1352
1352
1352
1352
1352
1352
53345
53345
1352
1352
1352
1352
1352
1352
1352
1352
1352
1352
1352
1352
1352
1352
1352
1352
1352
1352
1352
1352
1352
1352
1352
1352
1352
1352
1352
1352
1352
1352
1352
1352
1352
1352
1352
1352
1352
1352
1352
1352
1352
1352
1352
1352
1352
1352
1352
1352
1352
1352
1352
1352
1352
1352
1352
1352
1352
1352
1352
1352
1352
1352
1352
1352
1352
1352
1352
1352
1352
1352
1352
1352
1352
1352
1352
1352
1352
1352
1352
1352
1352
1352
1352
1352
1352
1352
1352
1352
1352
1352
1352
1352
1352
1352
1352
1352
1352
1352
1352
1352
1352
1352
1352
1352
1352
1352
1352
1352
1352
1352
1352
1352
1352
1352
1352
1352
1352
1352
1352
1352
1352
1352
1352
1352
1352
1352
1352
1352
1352
1352
1352
1352
1352
1352
1352
1352
1352
1352
1352
1352
1352
1352
1352
1352
1352
1352
1352
1352
1352
1352
1352
1352
1352
1352
1352
1352
1352
1352
1352
1352
1352
1352
1352
1352
1352
1352
1352
1352
1352
1352
1352
1352
1352
1352
1352
1352
1352
1352
1352
1352
1352
1352
1352
1352
1352
1352
1352
1352
1352
1352
1352
1352
1352
1352
1352
1352
1352
1352
1352
1352
1352
1352
1352
1352
1352
1352
1352
1352
1352
1352
1352
1352
1352
1352
1352
1352
1352
1352
1352
1352
1352
1352
1352
1352
1352
1352
1352
1352
1352
71452
1351
1351
53345
1352
1352
1352
1352
1354
1354
1354
1354
3044568
1352
1352
1352
1352
1352
1352
1352
1354
1354
1352
1352
1352
1352
1352
1352
1352
1352
1352
1354
1354
1354
1354
1351
1352
1352
1352
1352
1352
1352
1352
1352
1352
1352
1352
1352
1352
1352
1352
1352
1352
1352
1352
1352
1352
1352
1352
1352
1352
417368
1354
1354
1352
1352
1352
1352
1352
1352
1352
1352
1352
1352
1352
1352
1352
1352
1352
1352
1352
1352
1352
1352
1352
1352
1352
1352
1352
1352
417368
417368
1354
1354
1354
1352
1352
1352
1354
1354
357441
1352
1352
1352
1352
1352
1352
768486
768486
1352
1352
1352
357441
2832643
33945
33945
1352
1352
1352
1352
1351
1351
1351
1351
1351
1351
1351
1351
1351
1352
1352
1352
1352
1352
1352
1352
1352
1352
1352
1352
1352
1352
1352
1352
1352
1352
1352
1352
1352
1352
1352
1352
1352
1352
1352
1352
1352
1352
1352
1352
1352
1352
1352
1352
1352
1352
1352
1352
1352
1352
1352
1352
1352
1352
1352
1352
1352
1352
1352
1352
1352
1352
1352
1352
1352
1352
1352
1352
1352
1352
1352
1352
1352
1352
1352
1352
1352
1352
1352
1352
1352
1352
1352
1352
1352
1352
1352
1352
1352
1352
1352
1352
1352
1352
1352
1352
1352
1352
1352
1352
1352
1352
1352
1352
1352
1352
1352
1352
1352
1352
1352
1352
1352
1352
1352
1352
1352
1352
1352
1352
1352
1352
1352
1352
1352
1352
1352
1352
1352
1352
1352
1352
1352
1352
1352
1352
1352
1352
1352
1352
1352
1352
1352
1352
1352
1352
1352
1352
1352
1352
1352
1352
1352
1352
1352
1352
1352
1352
1352
1352
1352
1352
1352
1352
1352
1352
1352
1352
1352
1352
1352
1352
1352
1352
1352
1352
1352
1352
1352
1352
1352
1352
357441
1352
1352
1352
1352
1352
1352
1352
1352
1352
1352
1352
1352
1352
1352
1352
1352
1352
1352
1352
1352
1352
1352
1352
1352
1352
1352
1352
1352
1352
1352
1352
1352
1352
1352
1352
1352
1352
1352
1352
1352
1352
1352
1352
1352
1352
1352
1354
1354
1352
1352
1352
1352
1352
1352
1352
1354
1354
1354
1352
1352
1352
1352
1352
1352
1352
1352
1352
1352
1352
1352
1354
1354
1354
1352
1352
1352
1352
1352
1352
1352
1352
1352
1352
1352
1352
1352
1352
1352
1354
1352
1354
1354
1354
1352
1352
1352
1352
1352
1352
1352
1352
1352
1352
1352
1352
1352
1352
1352
1352
1352
1352
1352
1352
1352
1352
1352
357441
1352
1352
1352
1352
1352
1352
1352
1352
1352
1352
1352
357441
1352
1352
1352
1352
1352
1352
1352
1352
1352
1352
1352
1352
357441
1352
1352
1352
1352
1352
1352
1352
1352
1352
1352
1352
1352
1352
1352
1352
1352
1352
1352
1352
1352
1352
1352
1352
1352
1352
1352
1352
1352
1352
1352
1352
1352
1352
1352
1352
1352
1352
1352
1352
1352
1352
1352
1352
1352
1352
1352
1352
1352
1352
1352
1352
1352
1352
1352
1352
1352
1352
1352
1352
1354
1354
1354
1352
1352
1352
1352
1352
1352
1354
1354
1354
1352
1352
1352
1352
1352
1352
1352
1352
1352
1352
1352
1352
1352
1352
1352
1352
1352
1352
37734
37734
1352
1352
1352
1352
1352
1352
1352
1352
1352
1352
1352
1352
1352
1352
1352
1352
1352
1352
1352
1352
1352
1352
1352
1352
1352
1352
1352
1352
1352
1352
1352
1352
1352
1352
1352
1352
357441
1352
1352
1352
1352
1352
1352
1352
1352
1352
1352
1352
1352
1352
1352
1352
1352
1352
1352
1352
1352
1352
1352
1352
1352
1352
1352
1352
1352
1352
1352
1352
1352
1352
1352
1352
1352
1352
1352
1352
1352
1352
1352
1352
1352
1352
1352
1352
1352
1352
1352
1352
1352
1352
1352
1352
1352
1352
1352
1352
1352
1352
1352
1352
1352
1352
1352
1352
1352
1352
1352
1352
1352
1352
1352
1352
1352
1305849
1305849
1352
1352
1352
1352
1352
1352
1352
1352
1352
1352
1352
1352
1352
357441
1352
1352
1352
1352
1352
1352
1352
1352
1352
1352
1352
1352
1352
1352
1352
1352
1352
1352
1352
1352
1352
1352
1352
1352
1352
1352
1352
1352
1352
1352
1352
1352
1352
1352
1352
1352
1352
1352
1352
1352
1352
1352
1352
1352
1352
1352
1352
1352
1352
1352
1352
1352
1352
1352
1352
1352
1352
1352
1352
1352
1352
1352
1352
1352
1352
1352
1352
1352
1352
1352
1352
1352
1352
1352
1352
1352
1352
1352
1352
1352
1352
1352
1352
1352
1352
1352
1352
1352
1352
1352
1352
1352
1352
1352
1352
1352
1352
1352
1352
1352
1352
1352
1352
1352
1352
1352
1352
1352
1352
1352
1352
1352
1352
1352
1352
1352
1352
1352
1352
1352
1352
1352
1352
1352
1352
1352
1352
1352
1352
1352
1352
1352
1352
1352
1352
1352
1352
1352
1352
1352
53346
53346
1352
1352
1352
1352
1352
1352
1352
1352
1352
1352
1352
1352
1352
1352
1352
1352
1352
1352
1352
1352
1352
1352
1352
357441
1352
1352
1352
1352
1352
1352
1352
1352
1352
1352
1352
1352
1352
1352
1352
1352
1352
53345
1352
1352
1352
1352
1352
1352
1352
1352
1352
1352
1352
1352
1352
1352
1352
1352
1352
1352
1352
1352
1352
1352
1352
1352
1352
1352
1352
1352
1352
1352
1352
1352
1352
1352
1352
1352
1352
1352
1352
1352
1352
1352
1352
1352
1352
1352
1352
1352
1352
1352
1352
1352
1352
1352
1352
1352
1352
1352
1352
1352
1352
1352
1352
1352
1352
1352
1352
1352
1352
1352
1352
1352
1352
1352
1352
1352
1352
1352
1352
1352
1352
1352
1352
1352
1352
1352
1352
1352
1352
1352
1352
1352
1352
1352
1352
1352
1352
1352
1352
1352
1352
1352
1352
1352
1352
1352
1352
1352
1352
1352
1352
1352
1352
1352
1352
1352
1352
1352
1352
1352
1352
1352
1352
1352
1155766
1155766
1155766
1352
1352
1352
1352
1352
1352
1352
1352
1352
1352
1352
1352
1352
1352
1352
1352
1352
1352
1352
1352
1352
1352
1352
1352
1352
1352
1352
1352
1352
1352
1352
1352
1352
1352
1352
1352
1352
1352
1352
1352
1352
1352
1352
1352
1352
1352
1352
1352
1352
1352
1352
1352
1352
1352
1352
1352
1352
1352
1352
1352
1352
1352
1352
1352
1352
1352
1352
1352
333849
333849
333849
1352
1352
1352
1352
1352
1352
1352
1352
1352
1352
1352
1352
1352
1351
1352
1352
1352
1352
1352
1352
1352
1352
1352
1352
1352
1352
1352
1352
1352
1352
1352
1352
1352
1352
1352
1352
1352
1352
1352
1352
1352
1352
1352
1352
1352
1352
1352
1352
1352
1352
1352
1352
1352
1352
1352
1352
1352
1352
1352
1352
1352
1352
1352
1352
1352
1352
1352
1352
1352
1352
1352
1352
357441
1352
1352
1352
1352
1352
1352
1352
1352
1352
1352
1352
1352
1352
1352
1352
1352
1354
1354
1354
1352
1352
1352
1352
1352
1352
1352
1352
1352
1352
1352
1352
1352
1352
1352
1352
1352
1352
1352
1352
1352
1352
1352
1352
1352
1352
1352
1352
1352
1352
1352
1352
1352
1352
1352
1352
1352
1352
1352
1352
1352
1352
1352
1352
1352
1352
1352
1352
1352
1352
1352
1352
1352
1352
1352
1352
1352
1352
1352
1352
1352
1352
1352
1352
1352
1352
1352
1352
1352
1352
1352
1352
1352
1352
1352
1352
1352
1352
1352
1352
1352
1352
1352
1352
1352
1352
1352
1352
1352
1352
1352
1352
1352
1352
1352
71452
71452
53346
53346
1352
1352
1352
1352
1352
1352
357441
1352
1352
1344042
1352
1354
1354
1352
53345
53345
53345
53345
1354
1354
1354
1354
1354
1352
357441
1352
53345
53345
565663
1354
1354
1354
357441
357441
357441
1352
1352
1354
1354
768486
768486
1502
1502
1502
1502
71452
1502
1502
1502
1502
1502
1502
1502
1354
1354
1502
71452
1502
1502
1502
1502
1502
1502
1502
1502
1502
1502
1351
1351
1351
1351
1351
1351
1502
1502
1352
1352
1639
1639
1639
1639
1639
1639
393127
1639
1639
1639
1639
1639
1639
1196161
1639
1639
1196172
1639
1639
1196171
1639
1639
1639
1639
1639
1639
1196162
265669
1639
1639
1639
1196160
1639
2678528
1639
1196159
1639
1230340
1639
1457188
1639
1639
1639
879088
1196173
1639
1639
1363
1363
1639
1639
1639
1639
1639
1639
1639
1639
1639
1639
1639
879090
1639
1639
1639
1639
1639
1639
1639
1639
1639
1639
1639
1639
1639
1639
1639
393133
1639
882020
1639
1639
1288295
1639
932920
1639
1134669
169963
1639
1639
1639
1639
1639
1639
1639
1639
1639
1639
1639
1639
1639
1639
393130
1639
1639
1639
1639
1639
1639
1639
1639
1639
1639
1196165
1639
1639
1639
1639
1639
1234142
1639
1639
1639
1639
1196169
1639
1639
1639
1639
1639
1639
1639
1639
1639
1639
393126
1639
1639
1639
1196193
169963
1639
1639
1639
1639
1639
1639
1639
1639
1639
1639
1639
1639
1639
1639
1639
1639
1639
1639
1639
1639
1639
1639
1639
1639
1639
1639
1639
1639
1639
1639
1639
1639
1639
1639
1639
1639
1639
1639
1639
1639
1639
1639
1639
1639
1639
1639
1639
1639
1639
1639
169963
1639
1639
1334565
1639
1639
1639
1639
1639
1639
1196166
1639
1639
1639
1639
1639
1639
1639
1639
1639
1639
1639
1639
1196195
1639
1639
1639
1196170
1639
1196194
882096
1639
1639
1639
1639
1639
1639
1639
1639
1457187
1639
1639
1639
1196175
1639
1639
1196174
1639
1639
1639
1639
1639
1639
1639
1639
1639
1639
1639
1639
1639
1639
1639
1639
1639
1639
1639
1639
393132
1639
1639
1639
1639
1639
1639
1639
1639
1639
1639
1639
1639
1639
1196167
1639
1639
1639
1196168
1639
1639
1639
2713501
1639
1639
1639
1639
1639
1352
1352
1352
1352
1352
1352
1352
1352
1386004
1639
1639
1386008
1196182
1196189
1386005
1639
1639
653938
1386001
1437838
1196190
1196188
1196177
1639
1639
1639
1639
1196178
1639
1639
1196192
1639
1386003
1639
1639
1639
1639
1196181
637381
1639
1385999
1385997
1639
1639
1639
1196185
1386000
1196183
1196184
1385996
1196186
1639
1639
1639
1196179
1196176
1386006
1385998
1196191
1196180
1639
1386007
1386002
1639
1196187
879089
1639
1639
1639
1639
1639
1639
1352
1352
1352
1352
1352
1352
3070812
1352
1352
1352
1352
1352
1352
1639
1639
1639
1639
1639
1639
1639
882094
1639
1639
1639
1639
1639
568819
1639
1639
1639
1639
1639
1639
1126011
1639
1639
1639
1639
1639
1352
1352
1352
1352
1352
1352
1352
1352
1352
1352
1352
1352
1352
1352
1352
1352
1352
1352
1352
1352
1352
1352
1352
882097
1639
1030009
1639
1639
1639
1639
1639
1639
1639
1639
1639
1639
1639
1639
930782
1639
1639
1639
1639
1639
1639
1639
1639
1639
1639
552536
1639
1639
1639
1639
1639
1639
1639
1639
1639
882095
1639
1639
393119
1639
1639
882095
1639
563174
1639
1639
1639
1639
1639
1352
1352
1639
1639
1639
1639
1639
930781
1639
1639
1639
1639
1639
1639
1639
863767
1639
1639
1639
1639
1639
1639
1639
1639
1639
1639
1639
1639
1639
1639
1639
1639
1639
1639
1299895
1639
1639
1639
1639
1639
932919
1639
1639
1639
1639
1639
1639
1639
393118
1196164
1639
1639
1639
1639
1639
1639
1639
1639
1639
1639
2582830
2582830
1639
1639
1639
1639
1639
1639
1639
1639
1639
1639
1639
1639
1639
1639
1639
1639
1639
1639
1639
1639
1639
1639
1353
1353
1639
1639
1639
1353
1353
1639
1353
1353
2420313
1353
1353
683837
1640
1640
1353
1353
2173853
37734
37734
37734
37734
1640
37734
37734
202751
1638
881621
202751
1638
1457190
202751
1638
1638
1638
1638
202751
1638
37734
565655
37734
37734
3050383
2832643
37734
37734
2057791
1300150
53346
53346
37734
53346
53346
53346
53346
1590
37734
2839759
2060307
1811193
44008
224719
2751
2751
1352
1352
1352
1352
1352
44008
1234679
44008
44008
44008
44008
2751
89152
2230878
89152
1982626
1352
1352
1982626
1452353
1352
1352
1352
1352
1352
1352
1352
2906461
1940789
3037457
1940789
1940789
1940789
1940789
1940789
1940789
2816909
2109692
2816912
1940789
1940789
1940789
1940789
1940789
2816911
1940789
1940789
1940789
1352
1352
1352
1352
1352
53345
53345
1354
1354
1354
1354
1354
1354
1354
2952955
1354
1354
59310
59310
1335
1335
1352
1352
1335
294671
1335
1335
1354
1335
1335
2317
626937
626937
626937
2686210
53345
626937
197614
230361
53345
53345
53345
315405
315405
1639
1258574
545774
197614
197614
1639
315405
981540
197614
1639
1639
1639
1639
1639
2976809
3036303
38018
244328
244328
637909
634498
315405
981539
990317
29389
29389
197614
1639
1639
53345
1639
53345
1605
1805714
1639
1805714
1639
1639
1639
200991
1076934
150055
150055
150055
1598147
2686210
150055
150055
150055
244328
1736
1736
1639
53442
53442
53442
1624
1335
155900
200991
53442
53442
53442
53442
53442
102684
1609968
1069533
2058136
1374
1624
1605
1605
1624
1624
1624
1605
2686210
1622
1335
1624
2109690
1605
2686210
1624
657314
2041044
2832643
2832643
1624
1624
1624
1736
1624
1624
1624
1624
33038
33038
33038
33038
2173
33038
33038
33035
33038
1532
33038
33038
33038
33038
33038
33038
33038
33038
33038
33038
33038
33038
33038
29347
33038
33038
33038
33038
33038
33038
33038
1870993
33038
33038
33038
33038
411470
33038
33038
411470
33038
33038
33038
33038
33038
33038
33038
33038
33038
33038
1121114
33038
33038
33038
33038
33038
411470
33038
1736
1624
2564099
1352
1624
1624
1624
2870563
33039
200991
1624
1624
1624
1624
1624
1624
1624
100886
39488
39488
420247
420247
2173
1981510
1624
1624
1624
1624
1624
1624
1624
1624
1624
1624
1624
1624
2173
2173
1624
1624
1624
1624
39488
39488
1624
1898207
45202
2054177
2054177
762833
2920380
39488
39488
1194971
1624
2925838
2830659
1624
208479
1261635
460384
208479
1624
1547
1622
39496
39496
2763062
2763062
2763062
519472
519472
2878202
2831966
1697784
3058394
2763672
89014
2606635
1622
1622
1622
1622
1622
1622
1622
1235801
649756
649756
649756
649756
649756
649756
418240
33031
1605
88431
649757
649757
649756
649756
88431
88431
649756
649756
208596
1185653
2832643
657323
657323
88431
88431
45851
1737424
1737424
470146
470146
470146
410072
410072
410072
1532
1532
2994035
2860051
2860051
410072
410072
657319
2763670
2109691
2841528
39491
39491
39491
244328
3079882
3079882
39492
171287
171287
411459
411459
2109688
45202
301301
301301
39491
39491
166486
166486
536231
536231
2714355
166486
166486
411483
515620
2994035
2093857
77133
77133
411486
2485925
2485925
384638
411483
853
657315
657315
657315
45202
2929488
3030638
39485
1796635
2929490
2109687
33038
151781
718255
718255
3381348
2478954
272621
1579
1579
1579
1579
1579
1579
1579
1579
1579
1579
1579
1579
1579
1579
1579
1579
1579
1579
1579
1579
1579
1579
1314884
1579
1579
1579
1579
1579
1624
1596
2107999
2107999
77133
33959
1596
1596
2107999
2107999
1596
1596
2690380
1596
1596
1596
1579
1579
525326
525326
1596
1596
2107999
1596
1596
1596
1596
2107999
2107999
2107999
717961
2107999
2107999
649756
2125
2125
2107999
2107999
2676062
2583452
1522
1522
478749
1266845
1351
2583452
657318
657318
202752
33959
33959
202752
33959
33959
1069534
257314
33959
33959
3373596
3373596
33959
33959
909954
909954
33959
33959
633699
1598
1408186
1408186
33959
33959
33959
1776392
33959
137838
471875
47770
2742601
33959
33959
33959
33959
33959
33959
33959
33959
33959
33959
33959
33959
33959
33959
33959
33959
33959
33959
33959
1155388
33959
227945
1640
1640
33959
33959
47770
33959
1598
1598
1598
39491
39491
1037411
1037411
1598
748671
1598
1381118
39491
39491
1898203
1898203
1351
104955
47770
47770
47770
47770
47770
47770
47770
47770
47770
47770
47770
47770
47770
1115758
39490
39490
1490
1160721
1490
97478
1596
97478
40520
1596
301301
1872531
1291540
1291540
82803
657317
