1201075222
2576198070
2576198070
2621934924
2850818866
2022145539
1387668506
221062068
1799497577
342240345
2860284631
2697106910
2662342343
2775835953
1799500535
2563364603
1799503493
1560706297
1986769661
1799522113
1799518949
1253315468
2182334479
1102946481
1799506451
2513461984
2723259676
1799535273
1464612080
1799509686
1784839328
2546089801
1497470345
1773397096
1584026770
220961919
1548888226
2070376498
2546092742
2872983538
924520727
2277283195
2473421757
2513465083
827520725
1844837486
1812602472
1943756037
2546086914
1954827207
1333320417
1482717121
1886107894
1877723076
2770909866
2060262234
2890861978
1216365547
1608723823
1717386716
2447561151
2714542309
2331100307
2746322416
2737594390
2637077848
2593269411
2590822723
2265228344
1560712604
1837877912
1016294229
1051506813
1976407622
2317584427
2328829027
1370777306
2207576007
2216512553
1560275887
1185671223
2513468365
1189097575
2870213291
1189086060
2182427369
2636155583
2508377116
2634053877
2077499906
2788795618
192383698
2734967675
1060145352
2482554497
2288393873
2543065079
2298629872
2595818654
545698489
2710087002
1390343480
2665714949
1879505811
2495173166
1336517225
2517019328
2263837084
2328326341
1189091678
1847984245
2530768281
1051503533
1561277229
2805285061
2216516064
2578583841
2774341625
2724110470
2843333539
2498246011
2017451638
1560703581
2697106914
2208779623
1936930504
1345370533
929723761
2147593414
2592031719
2845096977
1480141094
1995436742
2508389032
1446035441
2590832615
2071019766
308044682
2787883499
2740102283
1561280244
1241266920
2232819868
2774351609
1266913974
1417939424
1804097475
1860418832
2665711952
2813903887
2645954457
2662374237
2785684929
2794137670
1482714120
2637046114
2276763559
2495961118
2074686088
1851159953
1154501461
1519151446
1384912268
2647032429
2295149473
929720693
1567451407
1657797714
1883727035
2599196065
1567442327
2814316943
1214506195
2415504605
2508454205
2547396118
2739974002
2581476630
2853150445
1317049275
2707776837
2183943971
2515110320
601113078
1321660344
2700851325
2419076436
2182337563
2713085173
1435325075
2290412108
2006035814
2621941498
1487568256
2238310866
1375538451
1039028527
1938312404
971175584
2067042421
194244925
1042782529
2475855453
169212172
2645957707
2325952201
2689055595
965305686
2216109825
1699911705
1481053286
1560696245
2697106920
2746314761
2216508712
2595821775
2700851657
2490558509
149532
1273860386
1239733207
1032459177
448273020
2700850877
2739945079
2473827136
2576779724
1487565253
513034319
2663847157
2750661620
254044096
1132402281
1120760505
2449709398
1699908677
1931168758
1995446414
2491054801
2697398427
1878072089
1799512794
1438938848
2853126554
758840967
1035431335
1201048328
1828970511
2067049434
1409957888
1815410031
1209551712
2074148629
2892707384
195956988
2869720082
84314035
1188496304
84314033
1979345924
1035490804
194267655
198241634
1482711233
2699710775
1489977422
196212994
1998578679
1046810847
1046810849
1061496133
1061496141
1046810859
1046810855
2309068143
1493099033
2495176179
1189104762
1779441586
2717024104
1430394122
2260155507
1537804018
1560718389
2238310849
2295137439
1809139426
2645943809
1464346985
2238963628
2498976647
2037124041
1802495744
1143012118
1887001722
1567448359
2295140433
2696712230
2021521146
2578903623
2878003059
2295143467
2325770792
2623008894
1560709524
2739945041
2293252259
2473749914
1008886419
1785299055
2872361743
1185668354
1588044627
2578900504
2619737035
2866388783
2238310850
2290426380
2295146469
2419056732
1913266495
2714281659
2741286000
2508370484
1061496143
1061496139
1061496137
1046810813
2265232490
1046810829
1377671649
1377671647
1377671661
2238254992
2238254992
1101474165
1101474165
1377671651
1377671653
1377671659
1821205466
1821205466
1377671657
1375541384
1375535682
2438963737
1377671655
1559893850
1559893850
749389291
749389291
2429039785
2429039785
1559887973
1559887973
209979580
209979580
545698492
545698492
315507075
315507075
341579611
341579611
2788798707
2788798707
2812451242
2812451242
1159383907
1159383907
1159383907
1784842499
1963759862
1963822856
2884274450
1700446181
1963786758
2324375608
1700446159
2668358108
1963750875
1963812448
2752257815
1963810586
1957952029
2853974351
1963812335
2428265182
1963759124
1654258058
1373300121
1963786246
2239509337
1963758365
2528999445
1354588197
2452059409
2890926445
2193219709
1963811462
1963812779
2324372926
2324372926
1587038988
1963778422
2441004083
2031823948
2031823948
2890898266
2183436935
2022209412
1963750785
1963756117
1963751059
2506013259
1963777303
1963778458
1963786142
29350190
1963750764
2506024093
2328584328
2236324347
1963755864
1963759385
2752263373
1963787094
2893191813
1963811658
2891584558
1587038987
2324406351
1958872147
2754593262
1963755626
2891569018
1963810978
2193230353
2324397978
1963758954
1963777917
1963776702
1963812385
1963785387
2663072592
2045640233
1963812076
1963785935
1963778150
2147612731
2147612731
1963755509
2031786658
1963757869
2124236889
1963811827
2622051997
1963811541
2324362610
1963750792
2592523991
2890895335
2419867036
1963785894
1963786791
1963776478
1683906043
2147601954
2147601954
1963811943
1963777753
2802771222
1963787418
1963810703
1963777969
21693259
2663045695
1963812313
2663037692
1963758223
1963776578
2324381243
2870218131
2884274244
2639776552
2221295955
1963755470
30058650
1963813003
1963777060
1963750486
2663049695
2324357356
1963778262
1833341559
2506063457
1519052672
1963838790
2385489719
2663058841
1963811722
2663069090
1694424003
1963776656
2193240272
2884834501
1963811911
2735189224
2702666374
1963811977
2592539716
1011599055
1963777573
2505965947
1963812606
1963758734
1963777469
2212385789
2461929120
2592536840
2324400748
2891587867
1963759295
1963838897
2236333995
1963758584
1963755259
1963784986
2193243206
1963777149
1963756160
2877972794
2324412516
1963755346
1963777103
1963755741
1142906375
582035815
2437787960
2239503573
1963777880
2506049388
2663041701
2622066091
2236279419
1855705363
1963756037
1963776431
1963776431
1963812812
1995461250
2444083791
1963811363
1700446134
2193223297
2506018690
1963755220
2668358114
2505955736
1700446170
1963758619
1963759950
2059303281
1963755998
2621944395
1700446164
1435305602
1963750588
2082818396
1963812563
2506052161
1963778304
2246780925
1963811164
1963750544
2019804613
1963786054
397335222
397335222
397335222
1963786401
1963812845
1233009135
2086074268
1963811013
2592521205
2624190418
1963812486
1963785348
1963811053
1710716455
2647896031
1710308060
1963777226
1963759072
2506015941
2210221426
1963759667
1963812009
1963838646
1963778382
2505979281
1963811865
2891572035
1963838837
2622060200
1963755697
1999212100
2407600299
2031783952
1963758911
2236299734
2324384072
2210217310
1963775847
2663076119
2193226884
2663053160
2210213074
1963786516
2193237566
2592814034
2324370403
1998232095
1963812239
1963757815
1678198132
2496350193
2505963167
1963759158
1963777630
2676827937
1963786317
2752260668
2506044021
2324386606
1963778519
2506035506
1963758292
1963811192
2663065467
1963778117
1963784946
2651393322
1963777833
1995446413
1963785307
2673580399
2505949958
2324367715
2518130150
2447462059
2065680440
2239506289
1963750935
1963785417
2506066181
2891675398
1963778643
2147607377
1633275776
2663034429
1963756077
1700446151
1963775955
2455038886
1963750430
1963750394
2193233677
1963750910
1963785214
2498925955
2239555428
1963812359
1963811337
1963785149
2695933223
2153629784
2153629784
2124234198
2592521203
1963812308
2324403531
2419863405
427183854
1963758003
1694424002
1963758332
2088814904
2031792149
1820416940
2506029838
1963786439
1700446161
2324415314
1173533644
2505992913
2193252301
2754590364
1963778690
2573666629
2242686448
1963812733
1804700508
2506060768
2506010507
1963777544
2437830636
2622049238
1694424001
2447456241
2447456241
2147590608
2574059496
2505952853
1963812968
1963759618
1963750513
1395305584
1963758197
2699812627
1963776862
1963759754
2574056810
1963751016
1963751141
1963776622
1963778078
2663062063
2506032654
1963778601
1963810942
1963812273
1963812652
2437819884
1963838611
2236333860
2407598461
1963838956
2437827750
323478858
1963812207
2509253074
1963810815
2437830557
2859728456
2859726696
342298818
1958861788
2870650922
2870650922
2452059380
2452059380
2452059380
2064911975
2064911975
2870650891
2870650891
1546939433
1546939433
1939917947
1939917947
1939917947
1576712651
1576712651
1576712651
2866756119
2866756119
2870650909
2870650909
2509247985
2509247985
2509247985
2509247985
2870650916
2870650916
2870650897
2870650897
2870650904
2870650904
1963778004
2509187658
2509187658
2509187658
2045674430
2045674430
2509179854
2509179854
2509179854
930360295
930360295
930360295
2839080555
2839080555
2558065549
2558065549
2558065549
2558065549
1359094602
1359094602
2067415496
2067415496
2839147761
2839147761
2838660057
2838660057
2838873551
2838873551
2838976222
2838976222
2838894478
2838894478
2838990783
2838990783
46518305
2437774973
2437774973
1942681153
1942681153
2695939518
2695939518
1546939414
1546939414
2558604498
2558604498
1915469559
1915469559
1275408229
1275408229
1275408229
2839034097
2839034097
2814191047
2814191047
2814191047
2814191047
2866756126
2866756126
2866756126
2838727915
2838727915
1546939536
1546939536
2838783266
2838783266
2838575756
2838575756
2838575756
2838575756
2045678237
2045678237
2045678237
1245674423
1245674423
2838774654
2838774654
2838774654
2838774654
2838616705
2838616705
2838470514
2838470514
1685646498
1685646498
2838748547
2838748547
2239514874
2239514874
2239514874
2838961685
2838961685
2437814454
2437814454
2838792011
2838792011
2447453481
2447453481
2447453481
2838900528
2838900528
2838789203
2838789203
2216128810
2216128810
1887090781
1887090781
2187640743
2187640743
2437795979
2437795979
2437795979
2437772396
2437772396
2437772396
1546939422
1546939422
2328590640
2328590640
2328590640
2437798680
2437798680
2437798680
2249649988
2249649988
2838935563
2838935563
2437803837
2437803837
2656682575
2656682575
2870158538
2870158538
2870158538
2838654344
2838654344
2064902863
2064902863
2064902863
2024560539
2024560539
2838689772
2838689772
2838915370
2838915370
1546939551
1546939551
2838716456
2838716456
2720168533
2720168533
1802492854
1802492854
1681077960
1681077960
2509175107
2509175107
2509175107
2509175107
2064900479
2064900479
2838809198
2838809198
2838619498
2838619498
1587038983
1587038983
1587038983
2688307574
2688307574
2838751366
2838751366
2045653603
2045653603
2045653603
2838710554
2838710554
2838710554
2838710554
2615105471
2615105471
2692815131
2692815131
2838566901
2838566901
2839002445
2839002445
2216131952
2216131952
2838820673
2838820673
2558065561
2558065561
2558065561
2558065561
1603745333
1603745333
1603745333
2556925760
2556925760
2556925760
2556925760
2838918212
2838918212
2185665219
2185665219
2838698983
2838698983
2838698983
2838698983
2558065529
2558065529
2558065529
2558065529
2216164103
2216164103
1950325962
1950325962
2239527500
2239527500
2239527500
2284343913
2284343913
2284343913
2838651445
2838651445
2236274870
2236274870
1672829698
1672829698
2838921063
2838921063
1633332424
1633332424
1633332424
1633332424
2323379828
2323379828
2323379828
2838771701
2838771701
2838771701
2838771701
2558052415
2558052415
1799663385
1799663385
2838561197
2838561197
2838448482
2838448482
2558065535
2558065535
2558065535
2558065535
2838484772
2838484772
2838882192
2838882192
2838745572
2838745572
2328586332
2328586332
2328586332
2437820028
2437820028
2838707684
2838707684
2838707684
2838707684
1359097520
1359097520
1539919900
1539919900
2022664033
2022664033
2236321695
2236321695
2236321695
2720206896
2720206896
2838464700
2838464700
2838631099
2838631099
2615120762
2615120762
2838903524
2838903524
2838581402
2838581402
2556925758
2556925758
2556925758
2556925758
2838540485
2838540485
2838811960
2838811960
2838811960
2838811960
2838797841
2838797841
2558594340
2558594340
2067418701
2067418701
2717663284
2717663284
2639736131
2639736131
2639736131
2562547073
2562547073
2562547073
2838858745
2838858745
2838719326
2838719326
2524043005
2524043005
2437764901
2437764901
2437764901
2695949029
2695949029
2557040959
2557040959
2558065541
2558065541
2558065541
2558065541
1546939472
1546939472
1546939472
2838454059
2838454059
2558065545
2558065545
2558065545
2558065545
2045665086
2045665086
2045665086
2045665086
2838569832
2838569832
2695936353
2695936353
2213345426
2213345426
2437809082
2437809082
1317734194
1317734194
2740091743
2740091743
2740091743
2838855924
2838855924
2838768805
2838768805
2557040967
2557040967
2557040967
2557040967
1752924826
1752924826
2838526012
2838526012
2212310482
2212310482
2838473372
2838473372
1304105580
1304105580
1304105580
2239564580
2239564580
2239564580
2838806360
2838806360
1672826794
1672826794
2558065522
2558065522
2558065522
2558065522
2509168651
2509168651
2509168651
1546939496
1546939496
2692804804
2692804804
2127751224
2127751224
2838704937
2838704937
2239550284
2239550284
2615112633
2615112633
2216320567
2216320567
2839139104
2839139104
2556925752
2556925752
2838531717
2838531717
2838531717
2838531717
2838823517
2838823517
2509190307
2509190307
2509190307
1539285965
1539285965
2328585281
2328585281
2328585281
2216326347
2216326347
1546939398
1546939398
1546939437
1546939437
2838780410
2838780410
2695945882
2695945882
2695945882
2695945882
2838844150
2838844150
1672820716
1672820716
2558599603
2558599603
2328587974
2328587974
2328587974
2838666016
2838666016
2045643196
2045643196
2838736660
2838736660
2838757159
2838757159
2653022502
2653022502
2437777603
2437777603
2437777603
941949718
941949718
941949718
2838628142
2838628142
2838628142
2838628142
2437769922
2437769922
2236328812
2236328812
2236328812
2216330072
2216330072
2838578543
2838578543
1546939368
1546939368
1541309583
1541309583
1541309583
2866756113
2866756113
2866756113
2232758400
2232758400
2232758400
2175038337
2175038337
2175038337
2838686732
2838686732
2211421909
2211421909
2211421909
2216153868
2216153868
2732036354
2732036354
1958867072
1958867072
1958867072
2838993924
2838993924
1887087691
1887087691
2838847064
2838847064
2182430335
2182430335
2182430335
2182430335
2838451282
2838451282
2860286258
2860286258
2860286258
2125457296
2125457296
2125457296
2125457296
2558062418
2558062418
2558062418
2558062418
1546939503
1546939503
2838739692
2838739692
1950086625
1950086625
2558599344
2558599344
2558599344
2558599344
2558052445
2558052445
2558052445
2558052445
1539285962
1539285962
1539285962
1318796715
1318796715
1318796715
2127763462
2127763462
1599555534
1599555534
2839695683
2839695683
2558599398
2558599398
1804753137
1804753137
445187230
445187230
445187230
2838876469
2838876469
2216342376
2216342376
2838832359
2838832359
2211427728
2211427728
2211427728
2300923357
2300923357
2838870654
2838870654
2838493483
2838493483
1887084972
1887084972
2437806445
2437806445
2838733779
2838733779
2558052403
2558052403
1672823780
1672823780
1678288538
1678288538
2309100492
1963810674
1963810674
1241241524
2678325387
2678325387
2086069659
2086069659
2076776962
2076776962
2076776962
2076776962
2076774641
2076774641
2076774641
2076774641
2508142982
2509177511
2509177511
2509177511
1997760565
1997760565
2069312740
576106086
1948583578
1948583578
2239532966
2239532966
2239532966
30171802
2624187286
1539772410
1539772410
2239562116
2239562116
2239562116
2837424682
2837424682
1546939367
1546939367
1546939367
1546939367
2076769276
2831279815
2236317592
2236317592
2236317592
2236317592
2450315730
2450315730
2700492251
2700492251
2700492251
2678311036
2678311036
2490486064
2490486064
2490486064
1724786484
2678308691
2678308691
2239522462
2239522462
2239522462
2678318514
2678318514
2045657845
2045657845
2045657845
2045657845
1958311261
1958311261
1348251812
1348251812
2152710490
985478185
985478185
1735555123
2678332041
2678332041
2094531713
2678328213
2678328213
1539176593
1539176593
1539176593
1539176593
1541309593
1541309593
1541309593
2076772317
2076772317
2076772317
2076772317
2045646693
2045646693
2045646693
1891242996
1891242996
2678323099
2678323099
2045667613
2045667613
2045667613
2045667613
1861260317
1861260317
2239520040
2239520040
2239520040
2239520040
2678320804
2678320804
1646955878
1646955878
2059994494
2323222338
2323222338
2323222338
2323222338
2147610102
1963785903
1963759586
1963759586
1963786370
1963759434
1963787100
1963785766
1963759256
1805641101
1805641101
2216143280
2216143280
1682002953
2838590098
2838590098
2838564119
2838564119
2838814928
2838814928
2558599509
2558599509
2558599509
2839016691
2839016691
2558052435
2558052435
2558052435
2838864776
2838864776
2030872870
2030872870
1896842300
1896842300
1896842300
1896842300
1546939356
1546939356
2838760091
2838760091
1887076079
1887076079
2297336275
2297336275
2297336275
1546939327
1546939327
1546939327
2557993983
2557993983
2557993983
1317775494
1317775494
1546939543
1546939543
1546939543
1950077428
1950077428
2698164719
2698164719
2838777550
2838777550
2284323034
2284323034
1108547291
1108547291
1108547291
2838514033
2838514033
1950092630
1950092630
2558065517
2558065517
2558065517
2557040969
2557040969
2557040969
1950112697
1950112697
2558065531
2558065531
2558065531
1994101332
2239545528
2239545528
2239545528
2838730862
2838730862
2210209561
2210209561
2838645547
2838645547
1678074894
1678074894
2891581601
2891581601
2871244386
2871244386
2838663008
2838663008
1950334755
1950334755
2074857545
2074857545
2838505295
2838505295
2558062424
2558062424
2558062424
2838897565
2838897565
2838867661
2838867661
2558065539
2558065539
2557993981
2557993981
2557993981
2557993981
2557993981
1887093492
1887093492
1541309595
1541309595
2216125783
2216125783
2216150633
2216150633
2216150633
2839124475
2839124475
2239569885
2239569885
2239569885
2838543438
2838543438
2838555431
2838555431
2807372397
2838546427
2838546427
1112963313
1112963313
2558065520
2558065520
2558599522
2558599522
2558599522
2838996564
2838996564
2838996564
1546939449
1546939449
2838891351
2838891351
2838496395
2838496395
1132440155
1132440155
2839127402
2839127402
1828347326
1328374923
1328374923
2838607811
2838607811
2838517012
2838517012
2216134973
2216134973
1950071554
1950071554
1950320130
1950320130
2558065555
2558065555
2558065555
2557993989
2557993989
2557993989
2558065553
2558065553
1008420998
1008420998
1008420998
2838613708
2838613708
2558052423
2558052423
2839089372
2839089372
1546939510
1546939510
2019111261
2019111261
2019111261
2019111261
2557150040
2557150040
2557150040
2216138575
2216138575
1158642123
1158642123
1158642123
2838953089
2838953089
2216160838
2216160838
2216160838
2216160838
2558052454
2558052454
2558052454
2838528893
2838528893
1950074540
1950074540
2032395554
2032395554
2558599588
2558599588
2558599588
2323230027
2323230027
2323230027
2838622370
2838622370
2428727330
2558052402
2558052402
2558052402
2838973258
2838973258
1132411193
1132411193
2558593742
2558593742
2558593742
2074857533
2074857533
1911973092
1911973092
2557150043
2557150043
2557150043
2838852992
2838852992
1277662581
1277662581
2838885126
2838885126
1931118123
1931118123
2558594300
2558594300
2558594300
1370921979
1370921979
2212382816
2212382816
2212382816
1951765521
1951765521
2838762953
2838762953
2216332795
2216332795
2216332795
2839005282
2839005282
2022657030
2022657030
1546939457
1546939457
2838511167
2838511167
2558052441
2558052441
2558052441
1899576593
1899576593
1939924126
2838695944
2838695944
2838835298
2838835298
1370921963
1370921963
2838537588
2838537588
2838584368
2838584368
1072833967
1072833967
1072833967
2284319964
2284319964
2284319964
1560681373
2557150036
2557150036
2557150036
1950106086
1950106086
2838923894
2838923894
2558052429
2558052429
2558052429
2558052417
2558052417
2558052417
2285539066
1546939386
1546939386
2838850033
2838850033
1546939332
1546939332
1546939332
2557150042
2557150042
2557150042
2838861667
2838861667
2838988334
2838988334
1948497971
1948497971
2040340839
2040340839
2890914049
2890914049
2024557458
2024557458
2890885620
2890885620
2558065537
2558065537
2558065537
2558065537
2558065537
2838549487
2838549487
2839095164
2839095164
2558599609
2558599609
2558599609
2557150037
2557150037
2557150037
2770898638
2838625320
2838625320
2839136245
2839136245
1062434861
1062434861
2839118446
2839118446
2839118446
2212379958
2212379958
2212379958
2839100872
2839100872
2558599598
2558599598
2558599598
2838639780
2838639780
1546939321
1546939321
1546939321
2720212900
2720212900
2720171509
2720171509
2557040955
2557040955
2557040955
1950308400
1950308400
2839115552
2839115552
1024764003
1024764003
2838680655
2838680655
2838909520
2838909520
1062438593
1062438593
2558599288
2558599288
2558599288
2839112661
2839112661
2839097965
2839097965
2672934093
2890907966
2890907966
2558065551
2558065551
2558065551
1275413609
1275413609
1370921973
1370921973
2558052458
2558052458
2558052458
1062768991
1062768991
378937014
378937014
378937014
2557040953
2557040953
2557040953
1950331823
1950331823
2839013754
2839013754
2558052425
2558052425
2558052425
2720159806
2720159806
2105581327
2105581327
2558062430
2558062430
2558062430
2838950192
2838950192
1950286952
1950286952
2891575684
2891575684
2838648480
2838648480
2558599551
2558599551
2558599551
2839028363
2839028363
2839028363
2890902064
2890902064
1950311410
1950311410
1541309588
1541309588
1541309588
2838593214
2838593214
2351011887
2351011887
2351011887
2210206575
2210206575
2720183608
2720183608
2072638118
388532432
388532432
388532432
2695952033
2695952033
2695952033
2558599590
2558599590
2558599590
2698167742
2698167742
2838445673
2838445673
2105964860
1777752968
1777752968
1777752968
2838657235
2838657235
2098025201
2098025201
2098025201
2065930233
2838668987
2838668987
2205188179
2205188179
2205188179
1382848560
1382848560
2210203598
2210203598
2216146990
2216146990
2216146990
1929906820
1929906820
2239567068
2239567068
2239567068
1932051482
1932051482
2839106767
2839106767
2558599607
2558599607
2558599607
2558062432
2558062432
2558062432
1062449129
1062449129
2838523099
2838523099
2558599410
2558599410
2558599410
2838879321
2838879321
2838879321
2558052407
2558052407
2558052407
2558052456
2558052456
2558052456
2558052409
2558052409
2558052409
2558052433
2558052433
2557993987
2557993987
2557993987
2833761208
2833761208
2030875896
2030875896
1950337539
1950337539
2838999523
2838999523
1942701587
1942701587
2558062420
2558062420
2891566046
2891566046
1546939466
1546939466
1594350547
1594350547
2556925750
2556925750
2556925750
1509396026
1950317230
1950317230
1950065697
1950065697
2838476098
2838476098
2838944388
2838944388
1752921839
1752921839
1752921839
2216157210
2216157210
2216157210
2558052413
2558052413
2558052413
2720180573
2720180573
2666482354
2017746042
2017746042
2838958916
2838958916
1317790353
1317790353
1062442277
1062442277
2838610779
2838610779
2558052462
2558052462
2558052462
1546939530
1546939530
2838841266
2838841266
2838701974
2838701974
2558065543
2558065543
2558065543
2558599593
2558599593
2558599593
2323224979
2323224979
1370921968
1370921968
2557040945
2557040945
2417153625
2417153625
2838888007
2838888007
1250053800
1250053800
1250053800
1046470014
1046470014
2558052452
2558052452
2838490551
2838490551
2838838371
2838838371
2558065559
2558065559
2522530836
2522530836
2522530836
2890905098
2890905098
2558599465
2558599465
2558599465
2838481939
2838481939
1950314336
1950314336
1657677711
1657677711
1657677711
2558052450
2558052450
2558052450
2838967437
2838967437
2838906621
2838906621
2698170805
2698170805
2838487600
2838487600
2839121590
2839121590
2839130333
2839130333
2838947282
2838947282
2838929683
2838929683
1154289756
1154289756
1154289756
2838803599
2838803599
2558594263
2558594263
2558594263
2557040965
2557040965
2557040965
2839083417
2839083417
2558052443
2558052443
2216122394
2216122394
2839092269
2839092269
1887082128
1887082128
2723869446
2723869446
2695942685
2695942685
2695942685
1546939563
1546939563
1546939563
1546939518
1546939518
1546939518
2890920111
2890920111
2558052431
2558052431
2838742633
2838742633
2557040979
2557040979
2557040979
2838636930
2838636930
1062445839
1062445839
2838596186
2838596186
1950305567
1950305567
1950089646
1950089646
2839103899
2839103899
1540599729
1540599729
2557040963
2557040963
2558065514
2558065514
2102308907
2102308907
2557040947
2557040947
2838829373
2838829373
2558065533
2558065533
2558065533
2558052437
2558052437
2558052437
2558052460
2558052460
1599550211
1599550211
1958311064
2455056205
2455056205
2455056205
1982783939
1982783939
1982783939
2557150038
2557150038
2557150038
2064897814
2064897814
2064897814
2838467537
2838467537
1546939371
1546939371
1546939371
1382845058
1382845058
2557040971
2557040971
2557040971
1317772567
1317772567
1062460295
1062460295
2838677750
2838677750
1654268120
1654268120
2838508301
2838508301
2558062426
2558062426
2558062426
1886877142
1886877142
2022653858
2022653858
2022653858
2022653858
2284309514
2284309514
2284309514
2284309514
2284309514
2284309514
2284309514
2558594357
2558594357
2558594357
2284302555
2284302555
2284302555
2284347341
2284347341
2838754299
2838754299
2558065563
2558065563
2558062428
2558062428
2558062428
529202214
529202214
2838982101
2838982101
2891578611
2891578611
1950095735
1950095735
1950062774
1950062774
1824259152
2663298797
2663298797
2663298797
1950068620
1950068620
1950340524
1950340524
2838926741
2838926741
2558065557
2558065557
2558065557
2838938431
2838938431
2838970343
2838970343
2838912522
2838912522
1049464688
1049464688
1049464688
2838985118
2838985118
2546723808
2558065547
2558065547
2558065547
2167766624
2167766624
2838502263
2838502263
1048072105
1048072105
1048072105
2839025507
2839025507
1317787418
1317787418
2838692833
2838692833
1546939476
1546939476
1546939476
2040340749
2040340749
2558594326
2558594326
2558594326
1546939392
1546939392
2558065527
2558065527
2558065527
1697763179
1697763179
2838800644
2838800644
2838713407
2838713407
2838520042
2838520042
2040332890
2040332890
2557040951
2557040951
2557040951
2284305996
2284305996
2284305996
2839031191
2839031191
2558599430
2558599430
2558599430
1700446187
2890910961
2890910961
2284353709
2284353709
2284353709
2838461808
2838461808
2557040961
2557040961
2557040961
2839010894
2839010894
1158645201
1158645201
1158645201
2359347630
2064909547
2064909547
2064909547
1546939486
1546939486
1561283372
2838572737
2838572737
2491174204
2491174204
2530773588
1554460486
1846865320
1546939573
1546939573
1546939573
2090013547
1815404930
1815404930
1546939523
1546939523
1546939523
2557993985
2557993985
2557993985
1828344769
1886879993
1886879993
1150406800
1150406800
1150406800
1317778471
1317778471
2216316669
2216316669
2216316669
2838725018
2838725018
2323236216
2323236216
2323236216
2838683666
2838683666
2838794856
2838794856
2557040977
2557040977
1275410652
1275410652
1802531387
1802531387
1317781457
1317781457
2284316514
2284316514
2284316514
2284316514
2284316514
2284316514
2838552334
2838552334
1950328810
1950328810
2838602385
2838602385
2838602385
2558052421
2558052421
2558052421
2838587286
2838587286
2838817769
2838817769
2558052411
2558052411
2558052411
1899576589
1899576589
2558052405
2558052405
2558052405
1599553242
2871254342
2871254342
2838964492
2838964492
2558052439
2558052439
2558052439
2838765954
2838765954
2838941363
2838941363
2838674773
2838674773
2024554411
2024554411
2557040949
2557040949
2557040949
1370921959
1370921959
1370921959
1950323064
1950323064
2558599600
2558599600
2558599600
1062452676
1062452676
1887079047
1887079047
1887079047
1887079047
2558062422
2558062422
1546939377
1546939377
1546939377
2862139754
2102304658
2102304658
2102304658
2558065525
2558065525
2557040973
2557040973
2557040973
2284350514
2284350514
2838979128
2838979128
2839022569
2839022569
1062456377
1062456377
1062456377
2838534666
2838534666
1317784437
1317784437
1950098911
1950098911
2838442789
2838442789
2838558392
2838558392
2839142050
2839142050
2033062902
2033062902
2838479084
2838479084
1546939580
1546939580
1546939580
1599555387
1599555387
2732844190
2838932670
2838932670
2040340830
2040340830
2557040957
2557040957
2557040957
2045670831
2045670831
1886874343
1886874343
2232761468
2232761468
2838599305
2838599305
2839086316
2839086316
2838604947
2838604947
1942684207
1942684207
1546939405
1546939405
2720165669
2720165669
2838499456
2838499456
2838786212
2838786212
1489980470
1489980470
1839330363
1839330363
1950102388
1950102388
2838722138
2838722138
2838633955
2838633955
2838671789
2838671789
974999704
974999704
974999704
974999704
2557040975
2557040975
2557040975
2305724483
2309131742
1540333669
1540333669
1998429790
1998429790
1998429790
2558052447
2558052447
2558052447
2811889856
2624180914
1829550744
1829550744
1829550744
2437785254
2437785254
2239517331
1958314315
1958314315
2865369393
2246683512
2437811750
2437811750
1238352887
1238352887
1004804031
1004804031
1931177241
2239117022
2239117022
2239117022
2675854512
1551364666
2624183907
1494009832
2707354794
2707354794
670923222
1950291639
1950291639
1966873272
1966873272
392334715
392334715
2804671187
2696015498
2702724839
2702749503
2668043082
2702821961
2315600351
2702824939
2625605777
2447459145
2447459145
2702730879
2446185769
2100414836
2702755530
1002725363
2100516918
2702743284
2702733862
2309128664
2100405320
2305721179
2100502580
2702715577
2702737078
1963810512
1963810512
2753138069
1963810551
1963810551
1963810887
1963810887
60417935
2474489656
1580128984
1580128984
346644924
1352831653
1548945524
1184817897
2193905648
523836572
1776250311
2797818906
83316099
2027968244
1214205582
2445498926
1213939765
1969453089
2798019653
1686867721
2449748296
1633235672
1213942677
1282991706
1146037119
1798053720
404220404
1213931099
585113600
1213928180
2415507748
1969456841
2034591591
1450643931
957742805
2049158371
2851064895
1347817438
730593635
2415501631
571332344
2446175580
2445493212
2050163521
1213934018
2415496004
424012034
1511928650
2744473093
1755712856
2514041731
2323120186
2323122214
1755749731
2797922653
1373622156
404237805
1755755653
2798008556
2797999453
1213922586
2034591595
1375571732
1913316732
1540101397
1375583061
2797881882
543859294
404229065
2797846132
2193908423
1695659898
2563377339
1375558266
1375608506
1375555436
2072297581
1375600010
1611633538
2797984390
1184823700
1375577397
1390380271
2723888807
1896748283
2034379487
1213913962
1373616230
2755783548
2612941108
1214221366
1375588726
1213911042
2046997116
2626349519
1317737251
1896766887
2798047963
2046997114
2754440948
1375594389
2724004416
2797934029
346422776
523842465
2447591227
1755740853
2733768602
1755794746
1375574564
1213908122
827388439
1896763123
2797993516
1184820815
2563380253
345532625
1757287779
2705540409
2797913854
1375602842
1317744370
2797830848
987005159
1009068885
2695286369
1375568900
2797958105
1375561922
827394152
404234869
1146028294
1776247416
1755743904
1796433495
2797925581
2046997111
345535581
1755746676
2514044635
2797824810
2797884813
1375580229
2047721340
2797928417
1375552604
1375605674
2753176469
2415498812
1963978469
1896759358
2798051199
16411489
1213925382
1780505456
1808500366
2797961014
1850182814
1755752777
441469547
1184826559
2193902869
1375591557
441472679
2797987438
1347823041
2798031830
1865021061
2034591596
1969449905
404231932
1214217566
1375597180
1375565820
2797949004
2797872943
1146045881
1373202465
1896752077
1375398970
2797836967
2797975500
1259411109
2797907953
584465821
1354043754
2193918334
2798002386
2798041255
2797966862
2798005516
970870287
1375585894
1896744577
1259418096
1540097545
2798044763
2723891627
970873114
1780502670
2797955025
2797931182
2293368320
1896755657
1317769593
1314834420
2418895696
2797943001
2797946008
1375549772
2788696004
827379923
1375611338
2797864228
2046997115
1970431664
827382749
2733765728
2797919713
2797963953
2563374343
2798028935
1317740313
2797860962
827391257
1231660140
1755737905
1028454690
2049155603
2797904909
2798025961
2034591652
2798038029
1304108074
1146039957
1373642083
2695192675
2797887905
2797893560
2695298148
2797867268
2797890726
1843440158
1213936938
1213869783
2798034930
2695183203
2032408926
1146019454
2695292210
2548766234
2548757551
2518743689
1184829359
2548769132
2174746736
2797833859
2518749487
1213916882
2518755351
2174728785
1958359519
1519024029
1213919734
2529191455
2518740777
2548763333
2173384332
2543515964
2518737865
2518746589
2797981394
820767303
2210913164
2529185717
2797876020
2548760438
1184832200
2518752383
1610114356
2529188556
2738830937
1859914722
2797940108
2046997118
2034602094
2797910872
1776244520
2046997112
1546939341
1685642819
1685642819
1685642819
1682003092
1682003092
1682003092
2275036600
1213896235
653348494
571335248
2811806392
571344587
584097088
1227332776
1213902134
284058907
1213899183
2611943079
1213887454
2797879016
1227332780
1132335780
571338240
1213890403
2797854964
1919553119
1213875614
1213948671
1132329631
1227332778
2797840108
1227332779
2034602093
2034602092
1213905128
970876009
1919547718
571341595
2611969610
1213872609
2797821771
1188271354
1227332777
1213893293
1132332683
1132326657
1933851846
571347529
1213881513
2046997117
1227332774
675331685
1123409785
1227332770
1213945603
1213884462
597565639
1227332775
1227332773
1213878564
2418901420
973722074
1146031244
1227332772
1755800463
404223279
1373639137
2747295030
2733762920
2733760118
2733757310
2838826475
2838642677
2720162754
2558052427
2072834197
1541309599
2430359499
1356703128
2839133350
2615107804
2879715886
2045662360
2838457151
2611950124
2611946659
2617773818
2617765166
2277020374
2797827722
1216463933
2055689274
2797870091
1420769636
2742667479
225875101
2797843231
406359805
2418898579
767260851
1967448308
2514027941
2174739903
2055692080
1611630562
1347820236
2797852068
1755791889
384389519
2514036262
2839109585
2839008004
2838955937
2720209850
1765889774
1541309605
2839019616
2839150670
1541309584
1541309584
2785114837
2030878741
2284326298
2284326298
2284326298
2284326298
1547055214
1547055214
2284340290
2284340290
2284340290
2839144925
1546939348
1755722992
2506606781
2221291394
1146022409
1373619230
1146048753
1755717070
2797896349
2798011485
2514039015
1373303043
1913322340
1919544820
404240632
2514033487
957751038
336021869
1146034214
1972885611
1373648006
2514053429
2797916741
2797951973
1686947191
1755709899
1780528072
1850180140
1755720153
2695186191
957745622
1447610455
2055844382
2418907156
2034591592
2797972545
2034591593
1796436383
957748333
1808508581
1373645025
1972884920
2514030760
908214665
404217535
1519015390
957753857
2890853501
307569523
1158657449
217332573
2284329691
2284329691
1755734865
523856695
741043423
1162251996
1784820131
1786466283
1782282351
2241208142
1666445812
1666445812
1774342850
1913329800
1774331605
2418904308
1146025467
2811781970
2798016703
827385634
1987739192
1755725933
2797858007
1695670577
1797949512
2873126862
2514047535
2797937111
2049152792
1146042864
2445504629
1214213676
1970435913
1844051361
1845896890
2798023013
1919541895
1774334414
1774345663
523852252
1971562510
1721134176
926439497
2193921134
1913319472
1210354517
2873142916
2797849138
1239722698
2445496065
1845889571
523839526
404226187
2046997113
1560715576
2797978428
1774340042
2873212735
1273122708
404244296
2873119661
1146051643
523861156
1784835688
1755731842
1755803425
1798060435
1182963193
1897605024
1798060613
2873189970
1239682999
1845899894
1343455531
523865449
1850185780
1987742248
1755728879
2873154615
1798053715
1774337234
2514050474
1384991943
523848303
2179600988
1936930457
2239539825
2797901934
2445501777
1780431877
2809038194
2193915490
2805639302
1518928744
2804519604
2437758097
1913489438
1682031604
289169617
2703972416
2304917107
2304917107
1464470757
2647032458
1948649597
2242683411
1777963221
2695189268
2430361866
1913493076
2785602627
583836714
1231738833
2695289309
1231774467
1682028865
2785586106
694157484
2705543277
2744479391
2785622143
346980581
2785605396
2459064002
478439721
2706656888
1958333588
2518074000
2057890169
1958320831
2457339430
1318838949
1861649961
1633265460
558607752
1700446182
2101310418
1297864170
2295461868
1215218841
1950320124
1958329993
1027079197
1247219186
2207128176
2425878271
509083678
2488157605
1051011622
2284312966
2284312966
2284312966
2284312966
2284312966
2737607333
508078748
2425868559
2785193490
2737605382
2425873619
1782715578
1732624214
2707316588
1957925084
2777632677
2030881552
2030881552
1912308288
2284333259
2284333259
2284333259
2284333259
2284333259
2558052464
2558052464
2695672494
2718649204
2862126579
2471415701
2718647244
2717523471
2706030392
1998802457
2717521387
1775135407
2718651116
1394501678
2705968879
1998808797
2706001768
2705974945
2284336815
2284336815
2284336815
2284336815
2284336815
2705989382
2705987379
1998812077
2705972918
2705970890
2705966858
1723309075
1723306449
1861255585
2809029269
2323227489
1861257928
2809026881
1026743949
2070117872
2318946641
1861262708
2069312741
2416461823
2496327988
1784813497
2216112826
1883727036
2615110216
2615110216
998157363
1539757975
1784815269
2804892365
1539731183
1654240109
1721134173
2736178023
1488555680
2735290391
1787237825
1700446140
2065478313
968564921
1624175774
1700446177
917638659
915770495
1403454526
1848624684
193232488
2057207818
1147809929
2447282224
1829872088
334281572
160221938
2605139866
193232457
2447284430
193232496
193232403
193232385
160221934
2187163479
2187163479
2059709250
2514714492
2246887130
288730948
334279325
288541968
2441075930
2417856148
2417856148
325177128
2777766597
160221936
2058532129
193232506
1942689717
193232394
1646171063
2750826820
193232412
193232535
1127912379
193232542
193232516
2851047638
527122546
1539523948
1403314054
1949949659
2482113815
1150895346
1958203560
1654243902
1403440360
2242602028
1172641153
2187163480
193232526
2623937240
2623928642
221062105
2623932941
2288405307
259114758
2851089043
2884834680
2623945249
2623945249
358443906
358443906
1948576487
374681091
985614202
1304488212
984301737
1199078639
1802438972
2533442909
221062101
2508478279
2308812201
2308812201
1821468705
2618297275
1988318086
1394501676
221062137
2533431055
1817421051
1784306618
295107714
2053122016
2054801307
1675203377
2645174138
2246267006
2277900374
2893207288
221062119
1878107643
221062115
1272232773
2813041504
2813041520
2813041538
2813041509
2813041543
2777722081
2813041516
2080484553
2813041527
2813041527
2813041554
2813041513
2813041548
2813041544
2813041539
2813041534
2813041537
2813041537
1294447101
1731509989
2104398485
2813041524
2813041541
2813041510
2813041512
2813041523
2813041535
2813041514
2813041506
1886996214
1988050162
1810223499
2813041540
2813041556
2337023382
2299487568
2813041505
2813041517
2777563208
2813041536
2813041551
2813041553
2813041550
1789778511
2514022230
2813041557
2813041530
2813041546
2813041526
2813041532
2813041508
2337018515
2813041500
2777535726
2813041507
2813041555
2884834358
2777716509
2833687129
2276882879
1658480811
2621925651
2514122089
221062111
221062131
2250067109
2246976648
2878254691
982516258
221062127
221062121
2285527331
690349511
2169126483
1072300942
1243915026
1243915026
2446175565
2791693311
2299336055
148551077
2581911884
2508735979
2508733453
2508737770
2577497371
2508718340
2508723009
2508725184
2508735687
2508729775
1272230969
221062113
2877202284
2188913606
2188909744
221062129
2119242133
2284906967
1063817931
1721134197
2617773645
1548969496
2029783370
2029783370
2188883415
2188880517
2497250563
2669498508
2669498508
2284907802
822667735
400623485
2210234186
2031373619
221062099
2667762819
2884835028
1238376546
1986097974
221062117
2099439025
2651365118
2299453608
2299453608
2206258461
2206258461
2206258461
1100589778
1100589778
2429868613
2533127305
2223921801
2259770547
1897729633
2689837243
2518667164
2463816276
2499313708
2253979572
2859677681
1418410331
2859675383
1418412428
1809148386
2567121622
2567121622
2567118815
2567118815
2669486366
2669486366
1721134210
1721134210
2812796007
2299433792
2250075743
2851062740
2264320898
2893198382
2487362334
2487362334
2318953817
2318953817
328672706
1095877316
2054465888
2223917668
2223917668
291545299
291545299
2299333244
2853977020
2299397878
2299397878
2299397878
2669494640
2669494640
2127557501
2127557501
2777662723
2777662723
2299316633
2299316633
1988055318
1988055318
1988055318
1394501677
291529795
1897724109
2054242328
2777750333
2777750333
2777750333
2729058716
2299436630
2592042920
2592042920
2860287645
2870175239
2299312244
2299312244
2299479188
2299479188
2240210568
2240210568
1394501673
2238274747
2777762669
2094528057
1394501674
2813041529
2238269205
1548969547
2318936730
2318936730
2299291879
1721134209
1721134209
1583827992
1583827992
2733642259
1120608577
1120608577
2858582246
2127642390
2006898111
1808696652
2127719615
291534262
291534262
291534262
2264318351
2264318351
1548969498
1270542132
2025053910
238873439
2276821814
291537741
291537741
2872352001
1997760561
2285518475
2528148410
2285520273
158967071
761525174
1537797917
2780329438
2595016818
2176157663
221062082
2551527572
2269702786
1239726987
2590816583
1854278943
2315799974
2736799088
2878011315
2276853413
2150739188
2860284578
1219783278
2620239642
221062078
514061133
1375962395
2126042398
2551527569
2633492784
221062093
2013251631
1539873123
1539873123
156769313
2286223767
2697106904
2700850579
1790850322
2574589820
2574589820
1721134187
2890833875
2022897468
2809001572
2746184655
2882736622
1672835136
1672835136
2801613131
2295433159
2156731658
2156731658
2647931028
2647931028
2769756569
2769756569
2295436987
2647937320
2647937320
291556121
1407716583
1407716583
291558333
1782148720
2860288300
2860288300
2295440999
1831554020
2884835030
1996324121
1802447242
2299324582
554508411
1802450212
1963811279
291523683
291523683
2882734765
2882734765
1540089261
694154658
2193484457
2193484457
2717120191
2717120191
1884705994
1884705994
1878102364
1878102364
345283481
41584196
329666391
329666391
2844298222
2844298222
262396937
1383731729
2777556637
559161187
559161187
1809144174
1809144174
1785991537
2104788743
10732792
2442666592
2153692850
2299490668
1059943262
1059943262
2590816579
2590816579
2863800618
2863800618
2620906609
2620906609
1552294522
1552294522
1913269474
1913269474
2590849765
2590849765
1202001274
2216107670
2216107670
1202002956
1464345299
2210135093
2031298175
2695295232
1956924313
1938395732
2669501798
2669501798
1276686190
1276686190
2860284616
2155573217
2155570815
295029968
2619376009
2643660043
2557259260
2286223765
2073051384
1425183808
1425183808
1721134203
1721134203
2202783703
2202783703
1963838755
1757997479
1877683407
2451590563
2741280599
1543693276
2169822355
2451592662
1780448259
2788779130
1802436886
2451657956
2056249240
1785989685
2053388026
1172272411
2852972075
2852972075
2501761353
2777607051
2893204449
2832828212
2775765169
2210136706
2446175572
12802349
2884834591
2189464612
1721134198
1509229875
2621701196
291526582
