     15 1386
     14 1485
     13 186801
     13 1578
     13 1279
     11 816
     11 1678
     11 1350
      9 234
      9 186803
      7 1301
      6 583
      6 2742598
      6 191303
      5 903984
      5 586
      5 576611
      5 3058168
      5 2683345
      4 572511
      4 390841
      4 340071
      4 33882
      4 3109030
      4 2941331
      4 2751
      4 2742600
      4 267364
      4 2201250
      4 1303590
      4 1293440
      3 942150
      3 86661
      3 841
      3 633807
      3 574697
      3 481723
      3 480930
      3 410839
      3 380393
      3 33959
      3 332949
      3 3076224
      3 3050131
      3 300419
      3 29528
      3 2767842
      3 2747
      3 2714946
      3 2707330
      3 267363
      3 2665504
      3 2650924
      3 2583532
      3 2518991
      3 239759
      3 2306423
      3 2292255
      3 227943
      3 223389
      3 217068
      3 216463
      3 2005703
      3 2
      3 1977869
      3 1926284
      3 1663
      3 1647649
      3 1632
      3 1590
      3 1580
      3 157920
      3 1552123
      3 154288
      3 1538103
      3 152331
      3 151781
      3 1494960
      3 147809
      3 1457219
      3 1457217
      3 1453587
      3 1356
      3 1335616
      3 1239
      3 1218508
      3 120370
      3 1177756
      3 1177755
      3 1006155
      2 987066
      2 987056
      2 933073
      2 903983
      2 89014
      2 848
      2 83461
      2 83339
      2 82986
      2 81406
      2 661
      2 649198
      2 637971
      2 626932
      2 616990
      2 60520
      2 60216
      2 573569
      2 571256
      2 566293
      2 556053
      2 553611
      2 537017
      2 53443
      2 53442
      2 518825
      2 483011
      2 481722
      2 481720
      2 481719
      2 47770
      2 47492
      2 463192
      2 45972
      2 452
      2 446684
      2 44008
      2 431273
      2 426129
      2 410840
      2 400634
      2 39493
      2 39489
      2 38402
      2 38293
      2 370038
      2 367791
      2 363259
      2 357278
      2 340680
      2 33986
      2 33962
      2 33952
      2 336988
      2 332950
      2 328396
      2 317735
      2 3142938
      2 3133158
      2 3075434
      2 307126
      2 3058419
      2 3055034
      2 301301
      2 2993456
      2 2991834
      2 2991418
      2 2991417
      2 2982695
      2 2981794
      2 2981782
      2 2981774
      2 2981720
      2 2972472
      2 2953880
      2 295255
      2 2950375
      2 29408
      2 2931392
      2 293089
      2 2929157
      2 2920380
      2 2919920
      2 2912243
      2 2910977
      2 2907820
      2 2897341
      2 2890314
      2 2885352
      2 2885348
      2 2865987
      2 2846776
      2 2838522
      2 2836179
      2 2834459
      2 2831523
      2 28210
      2 2813578
      2 2810561
      2 281
      2 2799570
      2 2799568
      2 2799566
      2 2794353
      2 279
      2 2767887
      2 2767882
      2 2763656
      2 2763033
      2 2755040
      2 2738
      2 271881
      2 2709663
      2 270498
      2 267633
      2 2666134
      2 266121
      2 2599927
      2 2599291
      2 2597768
      2 2590867
      2 2590451
      2 2590213
      2 258256
      2 2562949
      2 2562762
      2 2559921
      2 2559918
      2 2559917
      2 2559916
      2 2559915
      2 2508881
      2 2496029
      2 249189
      2 2487722
      2 2486025
      2 2486024
      2 2486022
      2 2486021
      2 2486020
      2 2486019
      2 2486018
      2 2486017
      2 2485784
      2 2340860
      2 227944
      2 225084
      2 2249302
      2 223390
      2 2184697
      2 217069
      2 2163011
      2 215590
      2 2125990
      2 2125
      2 207244
      2 2067065
      2 202750
      2 2026239
      2 1987503
      2 1977868
      2 1937790
      2 1937003
      2 186802
      2 186280
      2 1862672
      2 1855894
      2 184917
      2 183417
      2 1827
      2 1819725
      2 1816678
      2 1805714
      2 180164
      2 179838
      2 1774970
      2 1774969
      2 1774968
      2 177413
      2 1768210
      2 1764581
      2 176291
      2 1745854
      2 1743159
      2 1730
      2 1716143
      2 1714682
      2 1704076
      2 1702221
      2 166954
      2 166486
      2 1648
      2 1639
      2 1637
      2 1630136
      2 1624
      2 1621700
      2 1613
      2 1601
      2 1589
      2 158849
      2 1588
      2 1581
      2 1579
      2 155618
      2 152332
      2 1508389
      2 1505652
      2 1490
      2 1486262
      2 148604
      2 1470356
      2 1416943
      2 1397476
      2 1357
      2 1355
      2 1353
      2 1324351
      2 1293415
      2 1247
      2 1218492
      2 121290
      2 1203033
      2 1193095
      2 118060
      2 1166950
      2 1131292
      2 112904
      2 1077675
      2 104955
      2 100
      1 992287
      1 990721
      1 990412
      1 989403
      1 987063
      1 986746
      1 98672
      1 985002
      1 980631
      1 97478
      1 97050
      1 96565
      1 96241
      1 96230
      1 94868
      1 947919
      1 947835
      1 94627
      1 94626
      1 946234
      1 941463
      1 94138
      1 938289
      1 933926
      1 930805
      1 91823
      1 91822
      1 915173
      1 914152
      1 909656
      1 89152
      1 88233
      1 879566
      1 876270
      1 871664
      1 867683
      1 861
      1 858
      1 857265
      1 852
      1 850
      1 84980
      1 84698
      1 84521
      1 84110
      1 84030
      1 83816
      1 83661
      1 83561
      1 83552
      1 83460
      1 83456
      1 83455
      1 83451
      1 82803
      1 82688
      1 82171
      1 82116
      1 821
      1 81947
      1 81857
      1 81852
      1 81569
      1 81425
      1 796890
      1 79681
      1 79604
      1 78580
      1 78346
      1 78345
      1 78343
      1 78342
      1 76862
      1 76861
      1 768533
      1 766895
      1 762845
      1 762833
      1 759811
      1 754436
      1 753702
      1 748908
      1 745368
      1 74426
      1 72360
      1 718193
      1 717610
      1 71235
      1 708126
      1 706562
      1 706182
      1 704125
      1 70258
      1 700500
      1 7
      1 69825
      1 696485
      1 69360
      1 691816
      1 690879
      1 689904
      1 689
      1 680
      1 68
      1 674079
      1 673271
      1 671622
      1 671267
      1 671266
      1 669
      1 668
      1 665467
      1 663610
      1 659351
      1 659243
      1 659015
      1 659006
      1 657445
      1 654686
      1 653937
      1 649756
      1 647910
      1 645466
      1 643674
      1 637886
      1 63658
      1 63561
      1 63560
      1 634771
      1 626947
      1 626935
      1 626934
      1 626933
      1 626929
      1 622488
      1 61598
      1 61593
      1 610251
      1 60961
      1 60921
      1 604330
      1 595434
      1 594679
      1 590
      1 586733
      1 582686
      1 582665
      1 580026
      1 576610
      1 573570
      1 572010
      1 571255
      1 571254
      1 569860
      1 56119
      1 560080
      1 558172
      1 556054
      1 555791
      1 553239
      1 549298
      1 54736
      1 544645
      1 544644
      1 54062
      1 538381
      1 535290
      1 53444
      1 53346
      1 53345
      1 533
      1 529731
      1 528209
      1 528
      1 52694
      1 52693
      1 52689
      1 521377
      1 519472
      1 519081
      1 51663
      1 51616
      1 516074
      1 512643
      1 511998
      1 511678
      1 51161
      1 508451
      1 50712
      1 504469
      1 501571
      1 491918
      1 487174
      1 483913
      1 483423
      1 483012
      1 482957
      1 480931
      1 480284
      1 479936
      1 47493
      1 472583
      1 471825
      1 47157
      1 469547
      1 468911
      1 467997
      1 46609
      1 46255
      1 46228
      1 46206
      1 459816
      1 459519
      1 458711
      1 45851
      1 45658
      1 455
      1 45498
      1 454155
      1 454154
      1 454
      1 453230
      1 453220
      1 453
      1 45075
      1 45072
      1 45068
      1 45065
      1 45056
      1 449520
      1 447020
      1 446660
      1 445
      1 444919
      1 444163
      1 442899
      1 44011
      1 439612
      1 43678
      1 43674
      1 433840
      1 433286
      1 430797
      1 430679
      1 428
      1 426704
      1 426128
      1 425
      1 424902
      1 424799
      1 420645
      1 420336
      1 41997
      1 41985
      1 41950
      1 419481
      1 418240
      1 415214
      1 414682
      1 413402
      1 41
      1 407152
      1 40520
      1 40519
      1 40518
      1 404900
      1 404366
      1 40414
      1 40269
      1 398555
      1 397865
      1 396268
      1 39496
      1 39490
      1 39488
      1 39485
      1 39484
      1 39483
      1 39441
      1 394097
      1 392566
      1 392561
      1 392018
      1 391905
      1 390842
      1 38986
      1 387090
      1 386305
      1 384636
      1 38310
      1 382777
      1 381741
      1 380911
      1 37734
      1 376805
      1 376804
      1 376727
      1 376490
      1 375927
      1 375926
      1 375541
      1 375288
      1 375175
      1 370764
      1 370111
      1 368811
      1 368603
      1 36845
      1 36842
      1 36832
      1 36745
      1 363840
      1 360807
      1 358743
      1 358742
      1 35787
      1 35760
      1 354351
      1 354349
      1 35
      1 343510
      1 340956
      1 340321
      1 33987
      1 339862
      1 339617
      1 33960
      1 33958
      1 33953
      1 33945
      1 33905
      1 33878
      1 33871
      1 3374599
      1 333367
      1 332524
      1 332411
      1 332101
      1 33043
      1 33042
      1 33028
      1 33018
      1 329854
      1 328812
      1 324606
      1 323761
      1 3231926
      1 322505
      1 321267
      1 32008
      1 32
      1 319942
      1 319653
      1 319652
      1 318683
      1 318465
      1 318464
      1 318456
      1 317658
      1 3137766
      1 3133178
      1 3133172
      1 3133170
      1 3133167
      1 3133164
      1 3133163
      1 3133162
      1 3133161
      1 3133154
      1 3133153
      1 3126690
      1 3115222
      1 311410
      1 3111773
      1 3111451
      1 310298
      1 310297
      1 3093659
      1 3093658
      1 3093657
      1 3088378
      1 308354
      1 3082863
      1 3081441
      1 3080828
      1 3079009
      1 3078042
      1 3076670
      1 3074111
      1 3074109
      1 3074107
      1 3069269
      1 306539
      1 3065238
      1 3064523
      1 305977
      1 305900
      1 3057057
      1 3047466
      1 3044210
      1 3044208
      1 3043873
      1 3038133
      1 3036303
      1 3036301
      1 303541
      1 3032872
      1 3032871
      1 303241
      1 303240
      1 3030016
      1 3025755
      1 3025672
      1 3020056
      1 3018743
      1 3017187
      1 3016083
      1 301302
      1 3004103
      1 2997294
      1 299583
      1 2995310
      1 2995309
      1 2995306
      1 2995305
      1 2993455
      1 2993450
      1 2992127
      1 2991838
      1 2991836
      1 2991832
      1 2991831
      1 2986526
      1 2981793
      1 2981788
      1 2981780
      1 2981773
      1 2981772
      1 2981771
      1 2981770
      1 2981768
      1 2981728
      1 2981724
      1 2981721
      1 2981529
      1 2979868
      1 2978477
      1 2976676
      1 2976125
      1 2973072
      1 2972474
      1 2972466
      1 2970915
      1 2969247
      1 296842
      1 2968086
      1 2968085
      1 2968084
      1 2968083
      1 2964616
      1 2964609
      1 2954117
      1 295108
      1 2950371
      1 294936
      1 294935
      1 29485
      1 294671
      1 2944915
      1 2944196
      1 29423
      1 2941517
      1 2941515
      1 2941513
      1 2941507
      1 2941505
      1 2941502
      1 2941335
      1 2941332
      1 2941330
      1 2941329
      1 2941328
      1 2941327
      1 2941324
      1 2941323
      1 2941233
      1 29409
      1 29388
      1 29384
      1 29379
      1 29372
      1 29370
      1 29367
      1 29360
      1 29359
      1 29357
      1 29354
      1 29348
      1 293371
      1 29322
      1 2932183
      1 2930218
      1 2930083
      1 2929485
      1 2926319
      1 2926318
      1 2926292
      1 2924040
      1 2923363
      1 2923362
      1 2922717
      1 2919576
      1 291644
      1 2911857
      1 2909234
      1 2906758
      1 2905877
      1 2903556
      1 2903142
      1 290054
      1 2899818
      1 2899121
      1 2897778
      1 2897351
      1 2895947
      1 2894196
      1 2894156
      1 2894155
      1 28885
      1 2886940
      1 2886935
      1 2885361
      1 2885356
      1 2881276
      1 2881258
      1 2880260
      1 2876789
      1 287609
      1 2873265
      1 2871826
      1 2870839
      1 286727
      1 286438
      1 2861782
      1 2859781
      1 285279
      1 2851649
      1 2850322
      1 28446
      1 2841926
      1 2841034
      1 2839759
      1 2837387
      1 2834768
      1 2834460
      1 2834432
      1 2829491
      1 28256
      1 28211
      1 2819979
      1 2819978
      1 2819233
      1 2818389
      1 2818388
      1 2817862
      1 2817477
      1 2817475
      1 28173
      1 2816956
      1 2816859
      1 2815781
      1 28111
      1 28110
      1 281091
      1 2810611
      1 2807096
      1 28050
      1 2803858
      1 28026
      1 2799580
      1 2797258
      1 2796142
      1 2794352
      1 2794346
      1 2793102
      1 2786956
      1 2784388
      1 2783614
      1 2782176
      1 2781960
      1 2781774
      1 2781773
      1 2780922
      1 2779358
      1 2779357
      1 2779356
      1 2779354
      1 2779352
      1 2778368
      1 2773299
      1 2772559
      1 2772557
      1 2767886
      1 2764712
      1 2764597
      1 2764329
      1 2764327
      1 2764323
      1 2764322
      1 2763677
      1 2763676
      1 2763675
      1 2763672
      1 2763671
      1 2763669
      1 2763668
      1 2763664
      1 2763661
      1 2763117
      1 2763066
      1 2763065
      1 2763063
      1 2763059
      1 2763056
      1 2763054
      1 2763050
      1 2763028
      1 2763027
      1 2762246
      1 2762243
      1 2762242
      1 2762237
      1 2762236
      1 2762227
      1 2762225
      1 2762224
      1 2762213
      1 2762212
      1 2762210
      1 2760089
      1 2759855
      1 2759755
      1 2759752
      1 2759748
      1 2758443
      1 2758441
      1 2756
      1 2755406
      1 2750
      1 2749962
      1 2749961
      1 2749
      1 2748
      1 2743976
      1 2743610
      1 2742612
      1 2742601
      1 2742203
      1 2741333
      1 2740515
      1 2739434
      1 2739389
      1 2739
      1 2736757
      1 2736294
      1 2736290
      1 2736289
      1 2735675
      1 2730080
      1 2729175
      1 272917
      1 2728842
      1 2728101
      1 2726742
      1 2726434
      1 2726185
      1 2725562
      1 2725414
      1 2722706
      1 2719313
      1 2719233
      1 2718714
      1 271865
      1 2714947
      1 2714358
      1 2714353
      1 2713503
      1 2713501
      1 2713419
      1 271098
      1 2710757
      1 2709662
      1 2709410
      1 2707351
      1 2707299
      1 2705293
      1 2699169
      1 269670
      1 269261
      1 2686210
      1 2685869
      1 2683717
      1 2683714
      1 2683713
      1 2680020
      1 2679963
      1 2678885
      1 2678688
      1 2678357
      1 267818
      1 2675325
      1 2675230
      1 2672572
      1 2670347
      1 2668065
      1 2666072
      1 2665665
      1 2665159
      1 2663859
      1 2663857
      1 2662455
      1 2662028
      1 265883
      1 265668
      1 2652293
      1 2652292
      1 2652291
      1 2652286
      1 2652279
      1 265178
      1 2650158
      1 264574
      1 264463
      1 264297
      1 263
      1 262
      1 2615184
      1 2614639
      1 2614638
      1 2614131
      1 261299
      1 2610880
      1 2608987
      1 2607663
      1 2607614
      1 2606709
      1 2606638
      1 2606636
      1 2606635
      1 2606633
      1 2606632
      1 2606631
      1 2606630
      1 2606629
      1 2606616
      1 2606615
      1 2605989
      1 2605945
      1 2605778
      1 2594882
      1 2593957
      1 2593653
      1 2592655
      1 2591147
      1 259059
      1 2590551
      1 258515
      1 2585118
      1 2583823
      1 2583452
      1 2580413
      1 2579976
      1 2579970
      1 2576829
      1 2576756
      1 2575440
      1 2569097
      1 2566013
      1 2565783
      1 2564099
      1 2559929
      1 2559923
      1 2559922
      1 2559920
      1 2559919
      1 255723
      1 2548455
      1 2547393
      1 254247
      1 253257
      1 253160
      1 2528964
      1 2528023
      1 2528020
      1 2528019
      1 2527990
      1 2527976
      1 2527973
      1 2527971
      1 2527970
      1 2527775
      1 2520507
      1 2511025
      1 2509433
      1 2509240
      1 2508885
      1 2508287
      1 2488728
      1 2487118
      1 2486576
      1 2486023
      1 2486013
      1 2486008
      1 2486004
      1 2486001
      1 2486000
      1 2485999
      1 2485998
      1 2485997
      1 2483799
      1 2483798
      1 2480627
      1 2479841
      1 2479840
      1 2479838
      1 2478470
      1 246618
      1 246432
      1 240427
      1 238015
      1 238013
      1 237446
      1 2364787
      1 2358141
      1 2321394
      1 2320879
      1 2320100
      1 2316733
      1 2316731
      1 2316728
      1 2316726
      1 2316722
      1 2316025
      1 2316
      1 231438
      1 231434
      1 231049
      1 2307010
      1 2306976
      1 2306972
      1 230361
      1 2302434
      1 2292441
      1 2282419
      1 227945
      1 227605
      1 2269374
      1 2268022
      1 225992
      1 2259036
      1 225345
      1 225324
      1 2233851
      1 2231649
      1 221799
      1 2212651
      1 2211183
      1 2204296
      1 2204294
      1 2203724
      1 2202339
      1 2201815
      1 22
      1 218144
      1 218139
      1 2175229
      1 2173853
      1 2172
      1 2171997
      1 217159
      1 217031
      1 216572
      1 2162
      1 2161814
      1 2160
      1 215200
      1 214856
      1 214851
      1 2137581
      1 212365
      1 2122
      1 212020
      1 2086584
      1 2086575
      1 208479
      1 2083279
      1 2080751
      1 2079793
      1 2079792
      1 2077146
      1 2073160
      1 2068655
      1 2064768
      1 2057800
      1 2057743
      1 2056696
      1 2050967
      1 2050966
      1 2045452
      1 2045438
      1 204516
      1 2045012
      1 2044573
      1 2042704
      1 2041840
      1 2040295
      1 2039284
      1 2026191
      1 2026187
      1 2020964
      1 2020949
      1 201828
      1 2017681
      1 2016376
      1 2014742
      1 2013869
      1 2012495
      1 2012477
      1 200991
      1 2006564
      1 2006110
      1 2005359
      1 2003188
      1 2002841
      1 199596
      1 199136
      1 1987580
      1 1982628
      1 1982626
      1 1981510
      1 1970790
      1 1965282
      1 1963359
      1 1962263
      1 1962131
      1 1960969
      1 1960968
      1 1958780
      1 1955013
      1 1940611
      1 1938816
      1 1938814
      1 1938374
      1 1935446
      1 1930593
      1 1930277
      1 1930274
      1 1929088
      1 1926283
      1 1925020
      1 1923877
      1 1921764
      1 1917883
      1 1917873
      1 1917868
      1 1912795
      1 1911548
      1 190977
      1 190975
      1 1909267
      1 190898
      1 190895
      1 1907658
      1 1907654
      1 190655
      1 1903263
      1 1903262
      1 1903179
      1 190310
      1 190308
      1 1898042
      1 1897628
      1 1889241
      1 188913
      1 1871035
      1 1871031
      1 1871030
      1 1871024
      1 1871022
      1 1871019
      1 1871016
      1 1871012
      1 1870993
      1 186826
      1 186817
      1 1867833
      1 1862668
      1 1862358
      1 1855895
      1 1855631
      1 1852386
      1 184914
      1 1847728
      1 1841865
      1 1841864
      1 1841857
      1 1841856
      1 1841610
      1 184072
      1 1835254
      1 1830
      1 1829
      1 182773
      1 1827297
      1 1824
      1 1819739
      1 1816676
      1 1811193
      1 1808352
      1 1805478
      1 1805470
      1 1804625
      1 180332
      1 180163
      1 1796636
      1 1796620
      1 1796618
      1 1796613
      1 1796610
      1 1793963
      1 1792290
      1 1776392
      1 1776391
      1 1776384
      1 1776379
      1 1774971
      1 1769710
      1 1769424
      1 1769423
      1 1769422
      1 1766253
      1 176292
      1 176290
      1 1761012
      1 1758176
      1 1750527
      1 1750518
      1 174709
      1 174587
      1 1743235
      1 1743174
      1 1743169
      1 1743164
      1 1743162
      1 1743157
      1 1742973
      1 1737
      1 1736
      1 1735
      1 1721087
      1 1720316
      1 1720315
      1 1720204
      1 171674
      1 171550
      1 171523
      1 1714681
      1 1713
      1 171287
      1 1712665
      1 1712
      1 170573
      1 169679
      1 1692
      1 1691570
      1 168933
      1 1689270
      1 1689
      1 1688
      1 1686285
      1 168384
      1 1683
      1 1679460
      1 1679170
      1 1678309
      1 1676683
      1 1676614
      1 1670446
      1 166953
      1 1662395
      1 1658618
      1 1658108
      1 1654388
      1 1654
      1 1653435
      1 1651774
      1 165096
      1 1650663
      1 1650661
      1 1650
      1 1648923
      1 1647581
      1 164393
      1 1640
      1 1638
      1 163665
      1 1633
      1 1629550
      1 1628157
      1 1626
      1 162491
      1 1623
      1 1622
      1 162169
      1 1616
      1 1615
      1 1614
      1 1612308
      1 1611836
      1 1610
      1 1608994
      1 1607738
      1 1607
      1 1606
      1 160454
      1 1601833
      1 1599
      1 1598147
      1 1598
      1 1597
      1 1591408
      1 1587
      1 1585974
      1 1579316
      1 1579216
      1 1576911
      1 1576369
      1 1574161
      1 1573535
      1 157076
      1 156981
      1 1569794
      1 156974
      1 1566352
      1 1564138
      1 1563157
      1 1561
      1 1560234
      1 1559
      1 155865
      1 155617
      1 155322
      1 1550024
      1 1549
      1 1548
      1 1546255
      1 1542390
      1 154116
      1 154046
      1 1539
      1 1534743
      1 1531
      1 1527293
      1 152335
      1 1522002
      1 1520
      1 1519643
      1 1516126
      1 1509
      1 1507512
      1 1505723
      1 1502842
      1 1502841
      1 1502
      1 1501392
      1 150033
      1 1497681
      1 1495645
      1 1495
      1 1494962
      1 1494961
      1 1479233
      1 1473216
      1 1472762
      1 1472761
      1 1470347
      1 1469948
      1 1469162
      1 1467
      1 1465809
      1 1465501
      1 1462999
      1 1462571
      1 1461322
      1 1458928
      1 1452
      1 1450649
      1 1449
      1 1435342
      1 1434707
      1 1432052
      1 1429043
      1 142461
      1 1414721
      1 1414720
      1 1411144
      1 1405
      1 1397477
      1 1396
      1 139021
      1 1387297
      1 1385984
      1 1385975
      1 1384459
      1 1382803
      1 1381081
      1 1379734
      1 137357
      1 1373
      1 1372
      1 1364
      1 135858
      1 135626
      1 1354
      1 1348249
      1 1346286
      1 1337
      1 133552
      1 1335
      1 1333660
      1 1333651
      1 132932
      1 1325436
      1 1325360
      1 1323746
      1 1323
      1 1312739
      1 1307759
      1 1307414
      1 1306991
      1 1303817
      1 1299998
      1 1296540
      1 1296539
      1 1296538
      1 1293890
      1 1293442
      1 1293
      1 1292
      1 1291540
      1 1288
      1 1286
      1 1282440
      1 1281
      1 1279388
      1 1278244
      1 1276936
      1 1274384
      1 1267156
      1 1265685
      1 1263547
      1 126333
      1 1259202
      1 1254
      1 1249
      1 1243014
      1 124
      1 1235591
      1 1231337
      1 1229621
      1 1225128
      1 122
      1 1218507
      1 1218506
      1 1218493
      1 1216932
      1 1216297
      1 1203069
      1 1202713
      1 1202668
      1 120213
      1 120
      1 119981
      1 119858
      1 119641
      1 1195763
      1 1184387
      1 118062
      1 1173107
      1 116085
      1 1160091
      1 1158996
      1 115781
      1 1151742
      1 114090
      1 1138822
      1 1130080
      1 1129792
      1 1125
      1 1123687
      1 1123352
      1 1115758
      1 1099853
      1 1096246
      1 109327
      1 1085647
      1 1085644
      1 1077256
      1 1076594
      1 1076330
      1 1074311
      1 1070421
      1 1069827
      1 1064514
      1 1058
      1 1054041
      1 1048331
      1 104623
      1 1036778
      1 1034944
      1 1033740
      1 1033739
      1 102862
      1 102109
      1 1017184
      1 100886
      1 100884
      1 1007097
      1 100174
