2109692
47770
2054177
1982626
634498
224719
202752
1609968
230361
294671
1811193
1185653
2173
1598147
53346
2173853
37734
2564099
197614
1605
2582830
53345
1940789
1639
2686210
2686210
1605
1335
102684
89152
1354
1351
1352
1596
2870563
2878202
2925838
1697784
100886
39496
2920380
71452
1363
1352
59310
29389
1452353
37734
2686210
762833
53442
2230878
1502
1640
626937
2713501
1638
1353
1590
53346
1624
657319
657314
155900
2107999
1352
2317
1351
1351
2478954
768486
1805714
39488
244328
244328
44008
2751
