853
1335
1351
1352
1353
1354
1363
1502
1532
1590
1596
1597
1605
1610
1622
1624
1638
1639
1640
1736
2173
2317
2751
29389
32630
33038
33945
37734
39485
39488
39491
39496
44008
45202
45851
47770
53345
53346
53442
59310
60520
71452
77133
88431
89152
100886
102684
150055
155900
166486
169963
197614
202751
202752
220668
224719
226185
230361
244328
265669
271881
294671
301301
315405
333849
337330
357441
384638
393118
393119
393126
393127
393130
393132
393133
410072
411483
411486
417368
470146
515620
519472
536231
552536
563174
565655
565663
568819
626937
634498
637381
644042
653938
657314
657315
657319
683837
718255
762833
767468
768486
863767
879088
879089
879090
881621
882020
882094
882095
882096
882097
889932
930781
930782
932919
932920
936153
981540
1030009
1069533
1076934
1126011
1134669
1155766
1157365
1158600
1185653
1196159
1196160
1196161
1196162
1196164
1196165
1196166
1196167
1196168
1196169
1196170
1196171
1196172
1196173
1196174
1196175
1196176
1196177
1196178
1196179
1196180
1196181
1196182
1196183
1196184
1196185
1196186
1196187
1196188
1196189
1196190
1196191
1196192
1196193
1196194
1196195
1206105
1230340
1234142
1234679
1261557
1284663
1287066
1288295
1299895
1300150
1300221
1305849
1327988
1328870
1334565
1344042
1385996
1385997
1385998
1385999
1386000
1386001
1386002
1386003
1386004
1386005
1386006
1386007
1386008
1437838
1452353
1457187
1457188
1457190
1598147
1609968
1697784
1742554
1796635
1805714
1811193
1940789
1982626
2054177
2057791
2060307
2093857
2107999
2109687
2109688
2109690
2109692
2173853
2230878
2420313
2478954
2485925
2564099
2582830
2678528
2686210
2690380
2713501
2714355
2763062
2816909
2816911
2816912
2831966
2832643
2839759
2870563
2878202
2906461
2920380
2925838
2929488
2929490
2994035
3030638
3037457
3044568
3050383
3079882
