    779 1352
    429 1639
    365 1351
    325 1590
     32 1354
     24 1502
     15 357441
     15 337330
     15 1940789
     14 53345
     14 37734
     10 1596
      9 1353
      8 53346
      8 1335
      7 2107999
      7 1638
      6 44008
      6 150055
      5 71452
      5 53442
      5 1605
      4 202751
      4 197614
      3 626937
      3 417368
      3 33038
      3 2751
      3 2686210
      3 169963
      3 1640
      3 1624
      2 89152
      2 882095
      2 768486
      2 59310
      2 45202
      2 411483
      2 410072
      2 39491
      2 39488
      2 2994035
      2 2832643
      2 271881
      2 244328
      2 2054177
      2 202752
      2 1982626
      2 1805714
      2 1736
      2 166486
      2 1363
      1 981540
      1 936153
      1 932920
      1 932919
      1 930782
      1 930781
      1 889932
      1 88431
      1 882097
      1 882096
      1 882094
      1 882020
      1 881621
      1 879090
      1 879089
      1 879088
      1 863767
      1 853
      1 77133
      1 767468
      1 762833
      1 718255
      1 683837
      1 657319
      1 657315
      1 657314
      1 653938
      1 644042
      1 637381
      1 634498
      1 60520
      1 568819
      1 565663
      1 565655
      1 563174
      1 552536
      1 536231
      1 519472
      1 515620
      1 47770
      1 470146
      1 45851
      1 411486
      1 39496
      1 39485
      1 393133
      1 393132
      1 393130
      1 393127
      1 393126
      1 393119
      1 393118
      1 384638
      1 33945
      1 333849
      1 32630
      1 315405
      1 3079882
      1 3050383
      1 3044568
      1 3037457
      1 3030638
      1 301301
      1 294671
      1 29389
      1 2929490
      1 2929488
      1 2925838
      1 2920380
      1 2906461
      1 2878202
      1 2870563
      1 2839759
      1 2831966
      1 2816912
      1 2816911
      1 2816909
      1 2763062
      1 2714355
      1 2713501
      1 2690380
      1 2678528
      1 265669
      1 2582830
      1 2564099
      1 2485925
      1 2478954
      1 2420313
      1 2317
      1 230361
      1 226185
      1 224719
      1 2230878
      1 220668
      1 2173853
      1 2173
      1 2109692
      1 2109690
      1 2109688
      1 2109687
      1 2093857
      1 2060307
      1 2057791
      1 1811193
      1 1796635
      1 1742554
      1 1697784
      1 1622
      1 1610
      1 1609968
      1 1598147
      1 1597
      1 155900
      1 1532
      1 1457190
      1 1457188
      1 1457187
      1 1452353
      1 1437838
      1 1386008
      1 1386007
      1 1386006
      1 1386005
      1 1386004
      1 1386003
      1 1386002
      1 1386001
      1 1386000
      1 1385999
      1 1385998
      1 1385997
      1 1385996
      1 1344042
      1 1334565
      1 1328870
      1 1327988
      1 1305849
      1 1300221
      1 1300150
      1 1299895
      1 1288295
      1 1287066
      1 1284663
      1 1261557
      1 1234679
      1 1234142
      1 1230340
      1 1206105
      1 1196195
      1 1196194
      1 1196193
      1 1196192
      1 1196191
      1 1196190
      1 1196189
      1 1196188
      1 1196187
      1 1196186
      1 1196185
      1 1196184
      1 1196183
      1 1196182
      1 1196181
      1 1196180
      1 1196179
      1 1196178
      1 1196177
      1 1196176
      1 1196175
      1 1196174
      1 1196173
      1 1196172
      1 1196171
      1 1196170
      1 1196169
      1 1196168
      1 1196167
      1 1196166
      1 1196165
      1 1196164
      1 1196162
      1 1196161
      1 1196160
      1 1196159
      1 1185653
      1 1158600
      1 1157365
      1 1155766
      1 1134669
      1 1126011
      1 1076934
      1 1069533
      1 1030009
      1 102684
      1 100886
