1352
1502
226185
265669
1351
169963
220668
981540
1300150
1590
2109687
2109688
2109690
2109692
2107999
1352
1352
53346
1352
2714355
1982626
1796635
1352
1352
47770
1351
2054177
2054177
2839759
1352
1352
1352
1352
1352
1352
1352
1352
1352
1352
1352
1352
1352
1352
1352
1352
1351
1351
1351
1351
1351
1352
1502
1352
1352
1352
1352
1351
1354
1351
1590
1590
1590
1590
1352
1351
1352
1352
1352
1352
1352
1352
37734
1940789
1940789
1982626
1532
39491
2093857
44008
1351
1352
2832643
2832643
515620
552536
653938
637381
644042
634498
393130
393133
393126
393127
889932
53442
936153
1030009
1076934
1069533
1155766
1126011
768486
333849
1206105
224719
1158600
1287066
1284663
1300221
565655
767468
1344042
1327988
930782
930781
1639
1639
1639
1639
1639
1639
1639
1639
1639
1305849
1196183
1196184
1196188
1196190
1196176
1196161
1385996
1196180
1196181
1196182
1196185
1196186
1196189
1196191
1196177
1196178
1196179
1457187
1196162
1196164
1196165
1196166
1457190
1196193
1196194
1196195
1196167
1196168
1196169
1196170
1457188
1196171
1196172
1196173
1196175
1196159
1196160
1385997
1385998
1639
1639
1639
1639
1639
1639
1639
1639
1385999
1386001
1386002
1386003
1386004
1386005
1386006
1386007
1386008
1386000
1196174
1196187
1196192
1590
1639
1639
202752
202751
1639
1639
1590
1609968
1639
230361
1352
1639
1639
1639
1352
1639
1590
1590
53345
53345
1352
1352
1352
1352
1352
1352
1352
1352
1352
1352
1502
1590
1639
1639
1639
882095
1639
1639
1639
1639
1590
1590
1639
1352
1639
1639
1639
294671
1352
1352
1811193
1590
1639
1351
1590
1590
1351
1639
1354
1639
1590
1590
1590
1352
1639
337330
1185653
1639
2751
1590
519472
1590
1590
1590
1590
1590
1352
1352
1352
2173
1590
53346
1352
1352
1352
1639
1639
1590
337330
1639
1352
1352
1639
1639
1639
1639
1352
1590
1598147
1351
1639
1639
1639
1639
1639
1639
1639
1639
1639
1639
1639
1639
1590
1736
1352
1352
1352
1639
1590
1352
1352
1639
1590
1639
1639
1639
1639
1639
1639
1624
1590
1590
1639
1639
1590
337330
45202
45202
1352
1352
1590
1590
1590
1639
1351
1590
53346
1590
411483
1351
53345
1354
1639
1639
417368
1590
1590
1590
1639
1352
2060307
1590
1639
1639
1590
1590
1352
1352
1352
1352
1352
1352
1352
169963
1639
1590
1590
565663
1352
1639
1639
1639
1639
1639
1639
2057791
1639
337330
1352
1352
1590
1352
1639
1639
1639
1639
53346
1639
1639
1639
1639
1590
1352
1590
1352
1590
337330
1639
1590
1639
1590
1352
1352
1352
1352
1352
1352
1639
1590
1590
1590
1590
1590
1590
1590
1590
1590
1351
1639
1590
1639
1639
1639
1639
1639
1639
1639
1639
1639
1639
1639
1639
1639
1639
1639
1639
1639
1639
1639
1639
1639
1639
1590
1590
1590
1351
1351
1352
1351
1590
53346
1639
626937
1590
1639
1351
1351
1639
1590
1590
1639
1639
1639
1639
1639
1639
1639
1639
1639
1639
1639
1639
1639
1639
1639
1639
1590
1351
1590
1590
1639
1590
1639
1639
1590
2173853
337330
1590
1590
1590
1590
1590
1590
1639
1639
1639
1639
37734
271881
1352
1352
1352
1639
1639
1639
2420313
1351
1590
33945
1590
1638
1640
1352
1590
1590
1590
1590
1590
1352
1590
1590
1590
1590
1590
1639
1352
1590
1590
1590
1590
1590
1352
1352
1352
1352
1352
89152
1590
1354
1590
1352
1352
1352
1352
1352
1352
1352
1352
1639
1352
1352
1590
1351
2564099
197614
1351
1351
1352
1639
1605
1352
1352
337330
2582830
1352
1352
1352
1590
1352
1352
1351
1352
1352
1639
1639
1639
1639
1352
1352
1352
1157365
1351
1351
1590
1354
53345
53345
1352
1639
1352
1352
2107999
1590
1352
1352
1352
2690380
1134669
1639
1639
1590
1352
2751
1351
1590
1352
1639
1639
1639
1639
1639
1299895
1940789
1639
1639
1639
1352
1351
1590
37734
1352
1590
1353
1639
1639
2678528
1639
1590
2686210
1335
1335
1590
1590
1590
2686210
1590
1605
1352
1590
1590
1639
1639
411483
1590
1351
1639
1639
1639
1639
1639
1639
1639
1639
1639
1352
1590
1353
37734
1352
1352
1590
1353
315405
1351
1590
1590
37734
1351
1639
1639
1590
1639
1639
1639
1352
337330
1639
1639
1639
1590
2107999
2107999
2107999
1639
1590
1354
1354
1354
1354
1639
1590
1590
1352
1590
1590
1590
1335
1590
1352
1352
1352
1352
1352
1352
1352
1352
1352
1352
1590
1590
1639
1639
1639
1639
1639
1639
1639
1639
1351
1352
1352
393132
1352
1590
1639
1639
393119
393118
1352
1639
1352
1639
1639
1639
1352
1352
1352
1352
1352
1352
1352
1352
1352
1352
1352
1352
1352
1352
1352
1352
1352
1352
1590
357441
1590
1352
1352
1352
1639
1351
1352
1352
1352
1352
1352
1639
1590
1639
1590
1352
357441
1351
853
1352
1352
53345
1352
1352
1352
1352
1352
1352
1352
1352
1351
1590
1352
1354
102684
37734
1352
1352
1352
150055
1352
1352
1352
1352
1352
1352
1352
1352
1352
1352
1352
1352
1352
1352
1590
1352
1352
1352
1352
1352
1352
1352
1352
1352
1352
1352
1352
1352
1352
1352
1352
89152
1590
1639
150055
1354
1354
1354
37734
37734
37734
1639
1351
1352
1351
1639
1590
1354
1639
1639
1639
1639
1639
1590
1590
410072
1351
1351
1590
1590
1590
1639
1351
1351
1352
2816909
2816911
2816912
1590
1596
1590
1352
1352
1590
1351
1352
1352
1352
1596
1352
1352
1352
1352
1352
1352
1354
1352
39488
1590
1639
1352
1352
1352
2831966
1590
1335
1590
1596
1351
1639
1639
1639
1639
1639
1639
1639
1639
1502
1502
1502
1502
1639
1639
1639
1639
1639
1352
1352
1352
1351
1351
1351
1639
1639
1639
1639
1335
53345
1351
357441
337330
337330
1353
417368
1354
1354
357441
1352
1351
2870563
1352
1351
1351
357441
357441
1352
1352
53346
1352
1352
2878202
1352
357441
1590
1328870
1351
1351
1351
1352
1352
39485
411486
1351
1590
1351
1351
1351
1351
1352
1351
1639
1596
1354
1354
1352
1352
1351
53345
1352
1352
1590
1639
1639
1639
1590
1590
1590
1590
1590
1352
1351
1354
1353
1352
1352
1352
1352
1352
1352
1351
1351
1351
337330
1352
1352
1351
1351
1351
1351
1351
1351
1351
1351
1351
1639
1639
1639
1639
1639
1639
2763062
1590
1352
1352
1639
2925838
1354
1352
1352
1352
1351
1352
337330
337330
337330
2929490
2929488
88431
1697784
1590
1590
1590
1639
1639
1639
1639
1639
1639
1639
1639
1639
1639
1352
1352
1590
1590
1590
1590
1351
1352
1352
1352
1351
1351
1351
1352
1351
1590
1590
166486
1736
1590
1639
1288295
1639
1639
1639
1590
1590
1352
39491
1639
1590
1352
1351
1351
384638
45851
100886
470146
39496
166486
1590
2920380
1352
1590
1590
1590
1590
1590
1590
1590
1590
1352
1590
71452
71452
1590
71452
71452
71452
1351
1351
2485925
1590
1351
1363
1363
1352
1352
1354
1354
1354
1354
1352
1351
1351
1351
1351
1351
1351
1351
1351
1351
1351
1351
1351
1351
1351
1351
1590
1351
1352
1352
1590
1590
1590
1639
1639
1639
1639
1352
1352
1352
1352
1352
1352
1352
1352
1352
1352
1352
1352
1352
1352
1352
1352
1352
1352
1352
1352
1352
1352
1352
1352
1352
1352
1352
1352
1352
1352
1352
1352
1352
1352
1352
1352
1352
1352
1352
1352
1352
1352
1352
1352
1352
1352
1352
1352
1352
1352
1352
1352
1352
1352
1352
1352
1352
1352
1352
1352
1352
1352
1352
1352
1352
1352
1352
1352
1352
1352
1352
1352
1352
1352
1352
1352
1352
1352
1352
1352
1352
1352
1352
1352
1352
1352
1352
1352
1352
1352
1352
1352
1352
1352
1352
1352
1352
1352
1352
1352
1352
1352
1352
1352
1352
1352
1352
1352
1352
1352
1352
1352
1352
1352
1352
1352
1352
1352
1352
1352
1352
1352
1352
1352
1352
1352
1352
1352
1352
1352
1352
1352
1352
1352
1352
1352
1352
1352
1352
1352
1352
1352
1352
1352
1352
1352
1352
1352
1352
1352
1352
1352
1352
1352
1352
1352
1352
1352
1352
1352
1352
1352
1352
1352
1352
1352
1352
1352
1352
1352
1352
1352
1352
1352
1352
1352
1352
1352
1352
1352
1352
1352
1352
1352
1352
1352
1352
1352
1352
1352
1352
1352
1352
1352
1352
1352
1352
1352
1352
1352
1352
1352
1352
1352
1352
1352
1352
1352
1352
1352
1352
1352
1352
1352
1352
1352
1352
1352
1352
1352
1352
1352
1352
1352
1352
1352
1352
1352
1352
1352
59310
1351
1351
1639
1639
1590
1639
1639
1639
1352
29389
1639
1639
1639
1639
1639
1590
1639
1352
1590
1590
1352
1352
37734
1353
1352
1352
1352
1352
1352
1352
1352
1352
1352
1352
1352
1351
1351
1351
1351
1351
53345
53345
1352
197614
197614
1351
1351
1805714
1639
1639
1502
1590
1352
1452353
1352
1351
1352
1351
59310
37734
37734
3030638
1351
1590
1352
3037457
1590
1590
1502
1590
1351
2686210
1590
1354
1590
1590
1352
1590
1590
1590
357441
357441
357441
357441
1351
762833
1605
1590
1638
1639
1639
1639
1639
1639
1640
1639
1351
1351
1351
1351
1351
1351
1351
1351
1351
1351
1351
1351
1351
1351
1351
1351
1351
1351
1351
1351
1351
1639
1352
3044568
1590
1590
3050383
1351
1639
1639
1639
1639
1639
1639
1639
1639
1639
1352
1639
1352
1351
1590
1590
1352
1605
1605
1639
1639
1639
1639
1639
1639
1590
1590
1590
1590
357441
1352
1352
1352
1352
1352
1352
1352
1352
1352
1352
1352
1352
1352
1352
1352
1352
1352
1352
1352
1352
1352
1352
1352
1352
1352
1352
1352
1352
1352
1352
1352
1352
1352
1352
1352
1352
1352
1352
1352
1352
1352
1352
1352
1352
1352
1352
1352
1352
1352
1352
1352
1352
1352
1352
1352
1352
1352
1352
1352
1352
1352
1352
1352
1352
1352
1352
1352
1352
1352
1352
1352
1352
1352
1352
1352
1352
1352
1352
1352
1352
1352
1352
1352
1352
1352
1352
1352
1352
1352
1352
1352
1352
1352
1352
1352
1352
1352
1352
1352
1352
1352
1352
1352
1352
1352
1352
1352
1352
1352
1352
1352
1352
1352
1352
1352
1352
1352
1352
1352
1352
1352
1352
1352
1352
1352
1352
1352
1352
1352
1352
1352
53442
53442
53442
53442
1352
1351
1590
1590
1352
1590
1590
1590
1502
1590
1590
1590
3079882
1590
1351
1351
1351
1351
1351
1351
1590
1590
197614
1639
1639
1639
1639
1352
1352
1352
1352
1352
1639
1639
1622
1590
1352
1590
1351
1590
1351
1351
1351
1351
1502
1639
1590
1590
1639
1639
1590
1590
1352
1351
1590
1590
1590
1590
37734
1940789
1940789
1940789
1940789
1940789
1940789
1940789
1940789
1940789
1351
1596
2107999
1352
1352
1590
1590
1351
1351
1351
1351
1351
1351
1351
1351
1351
1351
1351
1351
1352
1590
1590
1590
357441
1502
1351
1351
410072
1590
53345
1352
1354
1351
44008
44008
1351
1352
1352
1352
1352
1352
1352
1352
1352
1590
1590
1940789
2906461
1940789
1590
1590
337330
1596
1590
2230878
271881
1351
1352
1590
1590
1596
1590
1351
1502
1502
1502
1502
1502
1502
1502
1502
1502
1502
1640
626937
626937
169963
1638
1590
1590
1590
1590
1590
1351
1351
1638
1639
1590
1590
1352
1639
1639
1639
1590
1639
1639
1639
1639
1639
1352
2713501
1351
1590
1639
1352
1590
1590
1639
1596
1590
1590
1590
1351
1351
1351
1502
1639
1351
1351
1639
1639
1596
357441
1590
1590
1590
1352
1352
1352
1590
1590
1352
1638
1638
202751
1638
1590
1639
1590
1590
1590
1639
1639
1639
1639
1639
1639
1639
1639
1639
1639
1639
1639
1639
1639
1639
1639
1639
1639
1639
1639
1639
1639
1639
1639
1639
1639
1639
1639
1639
1639
1639
1639
1639
1639
1639
1639
1639
1639
1639
1639
1639
1639
1639
1639
1639
1639
1639
1639
1639
1639
1639
1639
1639
1639
1639
1639
1639
1639
1639
1639
1639
1639
1639
1639
1639
1639
1639
1639
1639
1639
1639
1639
1639
1639
1353
1502
1590
1353
1352
1353
1354
1354
357441
1590
417368
1354
1352
1352
1352
1352
1352
1352
1590
1590
1590
2994035
1351
2994035
1351
1351
1352
1590
1940789
1352
1590
1590
1352
53346
1352
1590
1590
1639
1639
1639
1639
1639
1639
1590
1590
1639
1639
1639
1590
1590
1590
1639
1639
1639
1639
1639
1639
1639
1639
1639
1639
1639
1639
1590
1590
1590
1590
1590
1590
1590
1590
1624
1624
563174
568819
683837
657319
657315
718255
657314
881621
863767
882094
882095
879088
879089
932919
882096
932920
882020
879090
882097
60520
155900
1639
1234142
1234679
1230340
1261557
1334565
1437838
32630
1590
1590
53345
1590
1590
1742554
1590
1590
77133
1610
1590
1590
1590
1590
1590
1590
1590
1590
1590
1590
1590
1352
1352
536231
1352
1352
1352
150055
1335
1335
1354
2107999
1352
202752
1639
1639
1352
1352
1352
1352
1352
1352
1352
1352
1352
1352
1352
1352
1352
1352
1352
1352
1352
1352
1352
1352
1352
1352
1352
1352
1352
1352
1352
1352
1352
1352
1352
1352
1352
1352
1352
1352
1352
1352
1352
1352
1352
1352
1352
1352
1352
1352
1352
1352
1352
1335
150055
1351
1351
53345
1351
1351
1351
1351
1351
53345
1351
37734
1352
2317
1639
1596
301301
1351
1351
1351
1351
1351
1351
1351
1351
1351
1351
1351
1351
1351
1351
1351
1351
1351
1351
1351
1351
1351
1351
1351
1351
1351
1351
1351
1351
1351
1351
1351
1351
1351
1351
1351
1351
1351
1351
1351
1351
1351
1351
1351
1351
1351
1351
1351
1351
1351
1351
1351
1351
1351
1351
1351
1351
1351
1351
1351
1351
1351
1351
1351
1351
1351
1351
1351
1351
1351
1351
1351
1351
1351
1351
1351
1351
1351
1351
1351
1351
1351
1351
1351
1351
1351
1351
1351
1351
1351
1351
1351
1351
1351
1351
1351
1351
1351
1351
1351
1351
1351
1351
1351
1351
1351
1351
1351
1351
1351
1351
1351
1351
1351
1351
1351
1351
1351
1351
1351
1351
1351
1351
1351
1351
1351
1351
1351
1351
1351
1351
1351
1351
1351
1351
1351
1351
1351
1351
1351
1351
1351
1351
1351
1351
1351
1351
1351
1351
1351
1351
1351
1351
1351
1351
1351
1351
1351
1351
1351
1351
1351
1351
1351
1351
1351
1351
1351
1351
2478954
768486
1639
1639
150055
150055
1352
1352
1805714
1639
202751
202751
39488
1639
1639
1639
1590
1597
1590
1590
1590
1590
1590
1590
1590
1590
1590
1352
1351
1351
1351
1351
1351
1590
1352
1352
1352
1352
1352
1352
244328
244328
53346
44008
44008
44008
2751
1590
1590
1590
33038
33038
33038
1354
