1352
1639
1351
1590
1354
1502
357441
337330
1940789
53345
37734
1596
1353
53346
1335
2107999
1638
44008
150055
71452
53442
1605
202751
197614
626937
417368
33038
2751
2686210
169963
1640
1624
89152
882095
768486
59310
45202
411483
410072
39491
39488
2994035
2832643
271881
244328
2054177
202752
1982626
1805714
1736
166486
1363
981540
936153
932920
932919
930782
930781
889932
88431
882097
882096
882094
882020
881621
879090
879089
879088
863767
853
77133
767468
762833
718255
683837
657319
657315
657314
653938
644042
637381
634498
60520
568819
565663
565655
563174
552536
536231
519472
515620
47770
470146
45851
411486
39496
39485
393133
393132
393130
393127
393126
393119
393118
384638
33945
333849
32630
315405
3079882
3050383
3044568
3037457
3030638
301301
294671
29389
2929490
2929488
2925838
2920380
2906461
2878202
2870563
2839759
2831966
2816912
2816911
2816909
2763062
2714355
2713501
2690380
2678528
265669
2582830
2564099
2485925
2478954
2420313
2317
230361
226185
224719
2230878
220668
2173853
2173
2109692
2109690
2109688
2109687
2093857
2060307
2057791
1811193
1796635
1742554
1697784
1622
1610
1609968
1598147
1597
155900
1532
1457190
1457188
1457187
1452353
1437838
1386008
1386007
1386006
1386005
1386004
1386003
1386002
1386001
1386000
1385999
1385998
1385997
1385996
1344042
1334565
1328870
1327988
1305849
1300221
1300150
1299895
1288295
1287066
1284663
1261557
1234679
1234142
1230340
1206105
1196195
1196194
1196193
1196192
1196191
1196190
1196189
1196188
1196187
1196186
1196185
1196184
1196183
1196182
1196181
1196180
1196179
1196178
1196177
1196176
1196175
1196174
1196173
1196172
1196171
1196170
1196169
1196168
1196167
1196166
1196165
1196164
1196162
1196161
1196160
1196159
1185653
1158600
1157365
1155766
1134669
1126011
1076934
1069533
1030009
102684
100886
