2741111220
1777829853
1543048113
554678336
2306840186
2254368303
1616202049
1077993534
510809532
2438820271
2637248415
2818548678
2127530449
1011408549
951425536
1920129651
2829904702
1121476012
1593289546
652846186
1056028652
1056029847
1771616687
1222033663
1718259718
1606971846
942047206
2055512636
497851619
497154192
1516247329
1905564261
1668451863
2238321146
941940237
2428022218
496429737
2510036314
1234054114
1069256548
2253251389
2652670583
1655121859
1798543416
1149918014
1690976877
1382163493
2570281760
1798301404
1209215188
1371850159
938934458
496068454
966418770
1538863767
736560455
1894461800
750011420
1912919114
2021335329
1867850225
1804199558
1486404660
939009091
951457123
949502294
1802462334
2711002907
1956284961
1069203217
2676985020
504888269
2166321994
2222295222
510811362
1546764176
490748259
488905353
2103786778
488392167
1427755158
489475154
1850417386
503319555
496842032
2532542674
1788256644
1678267019
501887676
1095947384
2213295230
930452076
949509134
640284682
836648826
1826229362
1253983553
1899141324
1790230839
2169574945
1896929509
545060983
2711006448
1789762801
1434539889
2036301159
1801482575
2455835049
1106643415
1538798034
1391024869
1545495034
2652672167
1905830179
928911171
2815349389
2020254114
2733262650
918137282
1106958706
1407969205
2593535947
503709988
521992580
738120007
779885910
498307081
1822834487
653854235
736594211
1011398650
1724556780
951431434
1487946310
2718018931
2487096284
1852357039
1370831364
1718680088
2455843298
1838679348
966406959
951508102
966443335
497157178
1562260302
2455840636
1189191292
1175372114
1225033339
1055714130
1914608246
1333390957
2497673936
764401059
1790247418
1798211794
2502422027
503619419
2292674946
671466172
557843230
516719252
920141620
495020033
1888821713
1546816728
1733366785
490601398
1125752417
2711100612
2500083178
500232826
1697873822
1333390079
551048720
1740731718
799126285
491043544
2708269829
1051358103
1993119297
1782299697
1055347606
1002985622
2324268590
510811636
1478131117
2306841906
975880886
2577761109
2502409838
1094120850
2212061227
1906198908
2396222112
500232893
2593963604
2509588867
1958516627
1225751179
1223503768
2350350741
497451182
922067339
2612312118
1993703340
2021954550
2238067574
2455835025
1804253878
2238119126
1437948208
1897544870
1223402677
922067361
654650326
2438672939
1906880957
