1201075222
2438963737
1958861788
2064911975
1963778004
2045665086
2309100492
1963810674
1997760565
2239520040
1963759586
1896842300
2871244386
1958311064
2284316514
1489980470
1540333669
2804671187
346644924
2323120186
2738830937
2284340290
2284329691
1666445812
2179600988
1682031604
1464470757
2785602627
2457339430
1027079197
2425878271
509083678
2488157605
2284312966
2737607333
1732624214
2707316588
2777632677
2695672494
2718649204
1394501678
2284336815
1723309075
2416461823
1784813497
998157363
1721134173
2736178023
968564921
1624175774
2187163479
288541968
2417856148
1646171063
2750826820
2851047638
2482113815
1150895346
2242602028
2187163480
259114758
2623945249
1948576487
985614202
1802438972
221062101
1988318086
295107714
2053122016
2813041504
2813041527
1294447101
1658480811
2246976648
982516258
1243915026
2299336055
2581911884
2029783370
2188883415
2497250563
2284907802
2210234186
2031373619
2667762819
2884835028
1238376546
2651365118
2299453608
2206258461
2429868613
2533127305
2223921801
1897729633
2567121622
2851062740
328672706
1095877316
291545299
291529795
2777750333
2729058716
2860287645
2299312244
2318936730
1721134209
1120608577
2276821814
2872352001
1997760561
2285518475
221062093
2013251631
2286223767
2697106904
2769756569
2860288300
1831554020
1802447242
2299324582
554508411
1963811279
2882734765
1540089261
345283481
2777556637
2104788743
2442666592
2153692850
2299490668
1059943262
2695295232
1956924313
2860284616
2155573217
1757997479
1172272411
2852972075
2501761353
2777607051
2832828212
2775765169
2189464612
1721134198
2621701196
